date,item_nbr,unit_sales,onpromotion,weekday,DayFromWagePaid,DayToWagePaid,OilPrice,transactions,type
2013-01-02,1239916.0,0.0,,2,2,13,93.14,2111.0,Work
2013-01-03,1239916.0,0.0,,3,3,12,92.97,1833.0,Work
2013-01-04,1239916.0,0.0,,4,4,11,93.12,1863.0,Work
2013-01-05,1239916.0,0.0,,5,5,10,93.14666666666668,1509.0,Weekend
2013-01-06,1239916.0,0.0,,6,6,9,93.17333333333336,520.0,Weekend
2013-01-07,1239916.0,0.0,,0,7,8,93.2,1807.0,Work
2013-01-08,1239916.0,0.0,,1,8,7,93.21,1869.0,Work
2013-01-09,1239916.0,0.0,,2,9,6,93.08,1910.0,Work
2013-01-10,1239916.0,0.0,,3,10,5,93.81,1679.0,Work
2013-01-11,1239916.0,0.0,,4,11,4,93.6,1813.0,Work
2013-01-12,1239916.0,0.0,,5,12,3,93.82333333333332,1473.0,Weekend
2013-01-13,1239916.0,0.0,,6,13,2,94.04666666666664,542.0,Weekend
2013-01-14,1239916.0,0.0,,0,14,1,94.27,1780.0,Work
2013-01-15,1239916.0,0.0,,1,0,0,93.26,1680.0,Work
2013-01-16,1239916.0,0.0,,2,1,15,94.28,1933.0,Work
2013-01-17,1239916.0,0.0,,3,2,14,95.49,1786.0,Work
2013-01-18,1239916.0,0.0,,4,3,13,95.61,1745.0,Work
2013-01-19,1239916.0,0.0,,5,4,12,95.73,1389.0,Weekend
2013-01-20,1239916.0,0.0,,6,5,11,95.85,507.0,Weekend
2013-01-21,1239916.0,0.0,,0,6,10,95.97,1770.0,Work
2013-01-22,1239916.0,0.0,,1,7,9,96.09,1762.0,Work
2013-01-23,1239916.0,0.0,,2,8,8,95.06,1873.0,Work
2013-01-24,1239916.0,0.0,,3,9,7,95.35,1616.0,Work
2013-01-25,1239916.0,0.0,,4,10,6,95.15,1770.0,Work
2013-01-26,1239916.0,0.0,,5,11,5,95.41666666666669,1295.0,Weekend
2013-01-27,1239916.0,0.0,,6,12,4,95.68333333333334,542.0,Weekend
2013-01-28,1239916.0,0.0,,0,13,3,95.95,1738.0,Work
2013-01-29,1239916.0,0.0,,1,14,2,97.62,1772.0,Work
2013-01-30,1239916.0,0.0,,2,15,1,97.98,1877.0,Work
2013-01-31,1239916.0,0.0,,3,0,0,97.65,1707.0,Work
2013-02-01,1239916.0,0.0,,4,1,14,97.46,1806.0,Work
2013-02-02,1239916.0,0.0,,5,2,13,97.04333333333332,1377.0,Weekend
2013-02-03,1239916.0,0.0,,6,3,12,96.62666666666668,531.0,Weekend
2013-02-04,1239916.0,0.0,,0,4,11,96.21,1714.0,Work
2013-02-05,1239916.0,0.0,,1,5,10,96.68,1775.0,Work
2013-02-06,1239916.0,0.0,,2,6,9,96.44,1853.0,Work
2013-02-07,1239916.0,0.0,,3,7,8,95.84,1727.0,Work
2013-02-08,1239916.0,0.0,,4,8,7,95.71,1878.0,Work
2013-02-09,1239916.0,0.0,,5,9,6,96.14333333333332,1104.0,Weekend
2013-02-10,1239916.0,0.0,,6,10,5,96.57666666666668,374.0,Weekend
2013-02-11,1239916.0,0.0,,0,11,4,97.01,396.0,Holiday
2013-02-12,1239916.0,0.0,,1,12,3,97.48,487.0,Holiday
2013-02-13,1239916.0,0.0,,2,13,2,97.03,1921.0,Work
2013-02-14,1239916.0,0.0,,3,14,1,97.3,2119.0,Work
2013-02-15,1239916.0,0.0,,4,0,0,95.95,1787.0,Work
2013-02-16,1239916.0,0.0,,5,1,12,96.135,1263.0,Weekend
2013-02-17,1239916.0,0.0,,6,2,11,96.32,399.0,Weekend
2013-02-18,1239916.0,0.0,,0,3,10,96.505,1742.0,Work
2013-02-19,1239916.0,0.0,,1,4,9,96.69,1806.0,Work
2013-02-20,1239916.0,0.0,,2,5,8,94.92,1835.0,Work
2013-02-21,1239916.0,0.0,,3,6,7,92.79,1756.0,Work
2013-02-22,1239916.0,0.0,,4,7,6,93.12,1805.0,Work
2013-02-23,1239916.0,0.0,,5,8,5,92.99333333333334,1448.0,Weekend
2013-02-24,1239916.0,0.0,,6,9,4,92.86666666666667,512.0,Weekend
2013-02-25,1239916.0,0.0,,0,10,3,92.74,1760.0,Work
2013-02-26,1239916.0,0.0,,1,11,2,92.63,1804.0,Work
2013-02-27,1239916.0,0.0,,2,12,1,92.84,1845.0,Work
2013-02-28,1239916.0,0.0,,3,0,0,92.03,1763.0,Work
2013-03-01,1239916.0,0.0,,4,1,14,90.71,1916.0,Work
2013-03-02,1239916.0,0.0,,5,2,13,90.51666666666668,1332.0,Weekend
2013-03-03,1239916.0,0.0,,6,3,12,90.32333333333332,547.0,Weekend
2013-03-04,1239916.0,0.0,,0,4,11,90.13,1841.0,Work
2013-03-05,1239916.0,0.0,,1,5,10,90.88,1750.0,Work
2013-03-06,1239916.0,0.0,,2,6,9,90.47,1929.0,Work
2013-03-07,1239916.0,0.0,,3,7,8,91.53,1751.0,Work
2013-03-08,1239916.0,0.0,,4,8,7,92.01,1960.0,Work
2013-03-09,1239916.0,0.0,,5,9,6,92.03,1337.0,Weekend
2013-03-10,1239916.0,0.0,,6,10,5,92.05,538.0,Weekend
2013-03-11,1239916.0,0.0,,0,11,4,92.07,1874.0,Work
2013-03-12,1239916.0,0.0,,1,12,3,92.44,1734.0,Work
2013-03-13,1239916.0,0.0,,2,13,2,92.47,1841.0,Work
2013-03-14,1239916.0,0.0,,3,14,1,93.03,1751.0,Work
2013-03-15,1239916.0,0.0,,4,0,0,93.49,1812.0,Work
2013-03-16,1239916.0,0.0,,5,1,15,93.56333333333332,1238.0,Weekend
2013-03-17,1239916.0,0.0,,6,2,14,93.63666666666666,561.0,Weekend
2013-03-18,1239916.0,0.0,,0,3,13,93.71,1696.0,Work
2013-03-19,1239916.0,0.0,,1,4,12,92.44,1728.0,Work
2013-03-20,1239916.0,0.0,,2,5,11,93.21,1879.0,Work
2013-03-21,1239916.0,0.0,,3,6,10,92.46,1727.0,Work
2013-03-22,1239916.0,0.0,,4,7,9,93.41,1689.0,Work
2013-03-23,1239916.0,0.0,,5,8,8,93.79,1358.0,Weekend
2013-03-24,1239916.0,0.0,,6,9,7,94.17,531.0,Weekend
2013-03-25,1239916.0,0.0,,0,10,6,94.55,1770.0,Work
2013-03-26,1239916.0,0.0,,1,11,5,95.99,1700.0,Work
2013-03-27,1239916.0,0.0,,2,12,4,96.53,1840.0,Work
2013-03-28,1239916.0,0.0,,3,13,3,97.24,1729.0,Work
2013-03-29,1239916.0,0.0,,4,14,2,97.205,474.0,Work
2013-03-30,1239916.0,0.0,,5,15,1,97.17,1002.0,Weekend
2013-03-31,1239916.0,0.0,,6,0,0,97.135,464.0,Weekend
2013-04-01,1239916.0,0.0,,0,1,14,97.1,1894.0,Work
2013-04-02,1239916.0,0.0,,1,2,13,97.23,1705.0,Work
2013-04-03,1239916.0,0.0,,2,3,12,95.02,1912.0,Work
2013-04-04,1239916.0,0.0,,3,4,11,93.26,1723.0,Work
2013-04-05,1239916.0,0.0,,4,5,10,92.76,1899.0,Work
2013-04-06,1239916.0,0.0,,5,6,9,92.96,1349.0,Weekend
2013-04-07,1239916.0,0.0,,6,7,8,93.16,521.0,Weekend
2013-04-08,1239916.0,0.0,,0,8,7,93.36,1824.0,Work
2013-04-09,1239916.0,0.0,,1,9,6,94.18,1744.0,Work
2013-04-10,1239916.0,0.0,,2,10,5,94.59,1916.0,Work
2013-04-11,1239916.0,0.0,,3,11,4,93.44,1638.0,Work
2013-04-12,1239916.0,0.0,,4,12,3,91.23,1860.0,Work
2013-04-13,1239916.0,0.0,,5,13,2,90.40333333333334,1338.0,Weekend
2013-04-14,1239916.0,0.0,,6,14,1,89.57666666666667,525.0,Weekend
2013-04-15,1239916.0,0.0,,0,0,0,88.75,1804.0,Work
2013-04-16,1239916.0,0.0,,1,1,14,88.73,1757.0,Work
2013-04-17,1239916.0,0.0,,2,2,13,86.65,1807.0,Work
2013-04-18,1239916.0,0.0,,3,3,12,87.83,1607.0,Work
2013-04-19,1239916.0,0.0,,4,4,11,88.04,1737.0,Work
2013-04-20,1239916.0,0.0,,5,5,10,88.29666666666667,1335.0,Weekend
2013-04-21,1239916.0,0.0,,6,6,9,88.55333333333334,505.0,Weekend
2013-04-22,1239916.0,0.0,,0,7,8,88.81,1838.0,Work
2013-04-23,1239916.0,0.0,,1,8,7,89.21,1697.0,Work
2013-04-24,1239916.0,0.0,,2,9,6,91.07,1921.0,Work
2013-04-25,1239916.0,0.0,,3,10,5,93.27,1660.0,Work
2013-04-26,1239916.0,0.0,,4,11,4,92.63,1843.0,Work
2013-04-27,1239916.0,0.0,,5,12,3,93.11666666666666,1314.0,Weekend
2013-04-28,1239916.0,0.0,,6,13,2,93.60333333333332,517.0,Weekend
2013-04-29,1239916.0,0.0,,0,14,1,94.09,1653.0,Holiday
2013-04-30,1239916.0,0.0,,1,0,0,93.22,1897.0,Work
2013-05-01,1239916.0,0.0,,2,1,14,90.74,613.0,Holiday
2013-05-02,1239916.0,0.0,,3,2,13,93.7,1763.0,Work
2013-05-03,1239916.0,0.0,,4,3,12,95.25,1847.0,Work
2013-05-04,1239916.0,0.0,,5,4,11,95.43333333333334,1347.0,Weekend
2013-05-05,1239916.0,0.0,,6,5,10,95.61666666666667,538.0,Weekend
2013-05-06,1239916.0,0.0,,0,6,9,95.8,1834.0,Work
2013-05-07,1239916.0,0.0,,1,7,8,95.28,1792.0,Work
2013-05-08,1239916.0,0.0,,2,8,7,96.24,1904.0,Work
2013-05-09,1239916.0,0.0,,3,9,6,96.09,1813.0,Work
2013-05-10,1239916.0,0.0,,4,10,5,95.81,1959.0,Work
2013-05-11,1239916.0,0.0,,5,11,4,95.46,1488.0,Holiday
2013-05-12,1239916.0,0.0,,6,12,3,95.11,549.0,Holiday
2013-05-13,1239916.0,0.0,,0,13,2,94.76,1784.0,Work
2013-05-14,1239916.0,0.0,,1,14,1,93.96,1747.0,Work
2013-05-15,1239916.0,0.0,,2,0,0,93.95,1887.0,Work
2013-05-16,1239916.0,0.0,,3,1,15,94.85,1781.0,Work
2013-05-17,1239916.0,0.0,,4,2,14,95.72,1883.0,Work
2013-05-18,1239916.0,0.0,,5,3,13,95.91,1299.0,Weekend
2013-05-19,1239916.0,0.0,,6,4,12,96.1,497.0,Weekend
2013-05-20,1239916.0,0.0,,0,5,11,96.29,1732.0,Work
2013-05-21,1239916.0,0.0,,1,6,10,95.55,1692.0,Work
2013-05-22,1239916.0,0.0,,2,7,9,93.98,1865.0,Work
2013-05-23,1239916.0,0.0,,3,8,8,94.12,1753.0,Work
2013-05-24,1239916.0,0.0,,4,9,7,93.84,496.0,Holiday
2013-05-25,1239916.0,0.0,,5,10,6,94.0425,1107.0,Weekend
2013-05-26,1239916.0,0.0,,6,11,5,94.245,411.0,Weekend
2013-05-27,1239916.0,0.0,,0,12,4,94.4475,1748.0,Work
2013-05-28,1239916.0,0.0,,1,13,3,94.65,1787.0,Work
2013-05-29,1239916.0,0.0,,2,14,2,93.13,1815.0,Work
2013-05-30,1239916.0,0.0,,3,15,1,93.57,1737.0,Work
2013-05-31,1239916.0,0.0,,4,0,0,91.93,1818.0,Work
2013-06-01,1239916.0,0.0,,5,1,14,92.42333333333332,1357.0,Weekend
2013-06-02,1239916.0,0.0,,6,2,13,92.91666666666666,430.0,Weekend
2013-06-03,1239916.0,0.0,,0,3,12,93.41,1882.0,Work
2013-06-04,1239916.0,0.0,,1,4,11,93.36,1785.0,Work
2013-06-05,1239916.0,0.0,,2,5,10,93.66,1845.0,Work
2013-06-06,1239916.0,0.0,,3,6,9,94.71,1815.0,Work
2013-06-07,1239916.0,0.0,,4,7,8,96.11,1885.0,Work
2013-06-08,1239916.0,0.0,,5,8,7,96.01333333333334,1279.0,Weekend
2013-06-09,1239916.0,0.0,,6,9,6,95.91666666666666,510.0,Weekend
2013-06-10,1239916.0,0.0,,0,10,5,95.82,1826.0,Work
2013-06-11,1239916.0,0.0,,1,11,4,95.5,1855.0,Work
2013-06-12,1239916.0,0.0,,2,12,3,95.98,1863.0,Work
2013-06-13,1239916.0,0.0,,3,13,2,96.66,1711.0,Work
2013-06-14,1239916.0,0.0,,4,14,1,97.83,1856.0,Work
2013-06-15,1239916.0,0.0,,5,0,0,97.84,1356.0,Weekend
2013-06-16,1239916.0,0.0,,6,1,14,97.85,541.0,Weekend
2013-06-17,1239916.0,0.0,,0,2,13,97.86,1786.0,Work
2013-06-18,1239916.0,0.0,,1,3,12,98.46,1775.0,Work
2013-06-19,1239916.0,0.0,,2,4,11,98.24,1783.0,Work
2013-06-20,1239916.0,0.0,,3,5,10,94.89,1629.0,Work
2013-06-21,1239916.0,0.0,,4,6,9,93.81,1700.0,Work
2013-06-22,1239916.0,0.0,,5,7,8,94.23,1295.0,Weekend
2013-06-23,1239916.0,0.0,,6,8,7,94.65,493.0,Weekend
2013-06-24,1239916.0,0.0,,0,9,6,95.07,1820.0,Work
2013-06-25,1239916.0,0.0,,1,10,5,95.25,1718.0,Work
2013-06-26,1239916.0,0.0,,2,11,4,95.47,1856.0,Work
2013-06-27,1239916.0,0.0,,3,12,3,97.0,1671.0,Work
2013-06-28,1239916.0,0.0,,4,13,2,96.36,1808.0,Work
2013-06-29,1239916.0,0.0,,5,14,1,96.88666666666668,1264.0,Weekend
2013-06-30,1239916.0,0.0,,6,0,0,97.41333333333333,482.0,Weekend
2013-07-01,1239916.0,0.0,,0,1,14,97.94,1797.0,Work
2013-07-02,1239916.0,0.0,,1,2,13,99.65,1778.0,Work
2013-07-03,1239916.0,0.0,,2,3,12,101.92,1899.0,Work
2013-07-04,1239916.0,0.0,,3,4,11,102.505,1792.0,Work
2013-07-05,1239916.0,0.0,,4,5,10,103.09,1804.0,Work
2013-07-06,1239916.0,0.0,,5,6,9,103.07,1186.0,Weekend
2013-07-07,1239916.0,0.0,,6,7,8,103.05,485.0,Weekend
2013-07-08,1239916.0,0.0,,0,8,7,103.03,1826.0,Work
2013-07-09,1239916.0,0.0,,1,9,6,103.46,1804.0,Work
2013-07-10,1239916.0,0.0,,2,10,5,106.41,1761.0,Work
2013-07-11,1239916.0,0.0,,3,11,4,104.77,1668.0,Work
2013-07-12,1239916.0,0.0,,4,12,3,105.85,1749.0,Work
2013-07-13,1239916.0,0.0,,5,13,2,105.96666666666668,1219.0,Weekend
2013-07-14,1239916.0,0.0,,6,14,1,106.08333333333334,434.0,Weekend
2013-07-15,1239916.0,0.0,,0,0,0,106.2,1781.0,Work
2013-07-16,1239916.0,0.0,,1,1,15,105.88,1904.0,Work
2013-07-17,1239916.0,0.0,,2,2,14,106.39,1846.0,Work
2013-07-18,1239916.0,0.0,,3,3,13,107.94,1700.0,Work
2013-07-19,1239916.0,0.0,,4,4,12,108.0,1752.0,Work
2013-07-20,1239916.0,0.0,,5,5,11,107.53666666666666,1336.0,Weekend
2013-07-21,1239916.0,0.0,,6,6,10,107.07333333333332,448.0,Weekend
2013-07-22,1239916.0,0.0,,0,7,9,106.61,1753.0,Work
2013-07-23,1239916.0,0.0,,1,8,8,107.13,1794.0,Work
2013-07-24,1239916.0,0.0,,2,9,7,105.41,1796.0,Work
2013-07-25,1239916.0,0.0,,3,10,6,105.47,1697.0,Work
2013-07-26,1239916.0,0.0,,4,11,5,104.76,1808.0,Work
2013-07-27,1239916.0,0.0,,5,12,4,104.71,1247.0,Weekend
2013-07-28,1239916.0,0.0,,6,13,3,104.66,439.0,Weekend
2013-07-29,1239916.0,0.0,,0,14,2,104.61,1802.0,Work
2013-07-30,1239916.0,0.0,,1,15,1,103.14,1741.0,Work
2013-07-31,1239916.0,0.0,,2,0,0,105.1,1828.0,Work
2013-08-01,1239916.0,0.0,,3,1,14,107.93,1767.0,Work
2013-08-02,1239916.0,0.0,,4,2,13,106.94,1748.0,Work
2013-08-03,1239916.0,0.0,,5,3,12,106.83,1290.0,Weekend
2013-08-04,1239916.0,0.0,,6,4,11,106.72,453.0,Weekend
2013-08-05,1239916.0,0.0,,0,5,10,106.61,1763.0,Work
2013-08-06,1239916.0,0.0,,1,6,9,105.32,1717.0,Work
2013-08-07,1239916.0,0.0,,2,7,8,104.41,1800.0,Work
2013-08-08,1239916.0,0.0,,3,8,7,103.45,1650.0,Work
2013-08-09,1239916.0,0.0,,4,9,6,106.04,1785.0,Work
2013-08-10,1239916.0,0.0,,5,10,5,106.09,832.0,Holiday
2013-08-11,1239916.0,0.0,,6,11,4,106.14,441.0,Weekend
2013-08-12,1239916.0,0.0,,0,12,3,106.19,1728.0,Work
2013-08-13,1239916.0,0.0,,1,13,2,106.78,1685.0,Work
2013-08-14,1239916.0,0.0,,2,14,1,106.89,1836.0,Work
2013-08-15,1239916.0,0.0,,3,0,0,107.43,1656.0,Work
2013-08-16,1239916.0,0.0,,4,1,15,107.58,1817.0,Work
2013-08-17,1239916.0,0.0,,5,2,14,107.43333333333334,1203.0,Weekend
2013-08-18,1239916.0,0.0,,6,3,13,107.28666666666666,427.0,Weekend
2013-08-19,1239916.0,0.0,,0,4,12,107.14,1714.0,Work
2013-08-20,1239916.0,0.0,,1,5,11,104.9,1670.0,Work
2013-08-21,1239916.0,0.0,,2,6,10,103.93,1826.0,Work
2013-08-22,1239916.0,0.0,,3,7,9,104.93,1599.0,Work
2013-08-23,1239916.0,0.0,,4,8,8,106.48,1777.0,Work
2013-08-24,1239916.0,0.0,,5,9,7,106.28,1166.0,Weekend
2013-08-25,1239916.0,0.0,,6,10,6,106.08,457.0,Weekend
2013-08-26,1239916.0,0.0,,0,11,5,105.88,1722.0,Work
2013-08-27,1239916.0,0.0,,1,12,4,109.11,1677.0,Work
2013-08-28,1239916.0,0.0,,2,13,3,110.17,1831.0,Work
2013-08-29,1239916.0,0.0,,3,14,2,108.51,1647.0,Work
2013-08-30,1239916.0,0.0,,4,15,1,107.98,1808.0,Work
2013-08-31,1239916.0,0.0,,5,0,0,108.1525,1297.0,Weekend
2013-09-01,1239916.0,0.0,,6,1,14,108.325,512.0,Weekend
2013-09-02,1239916.0,0.0,,0,2,13,108.4975,1774.0,Work
2013-09-03,1239916.0,0.0,,1,3,12,108.67,1762.0,Work
2013-09-04,1239916.0,0.0,,2,4,11,107.29,1867.0,Work
2013-09-05,1239916.0,0.0,,3,5,10,108.5,1719.0,Work
2013-09-06,1239916.0,0.0,,4,6,9,110.62,1839.0,Work
2013-09-07,1239916.0,0.0,,5,7,8,110.28666666666668,1245.0,Weekend
2013-09-08,1239916.0,0.0,,6,8,7,109.95333333333336,456.0,Weekend
2013-09-09,1239916.0,0.0,,0,9,6,109.62,1781.0,Work
2013-09-10,1239916.0,0.0,,1,10,5,107.48,1678.0,Work
2013-09-11,1239916.0,0.0,,2,11,4,107.65,1828.0,Work
2013-09-12,1239916.0,0.0,,3,12,3,108.72,1776.0,Work
2013-09-13,1239916.0,0.0,,4,13,2,108.31,1759.0,Work
2013-09-14,1239916.0,0.0,,5,14,1,107.72,1259.0,Weekend
2013-09-15,1239916.0,0.0,,6,0,0,107.13,500.0,Weekend
2013-09-16,1239916.0,0.0,,0,1,14,106.54,1778.0,Work
2013-09-17,1239916.0,0.0,,1,2,13,105.36,1716.0,Work
2013-09-18,1239916.0,0.0,,2,3,12,108.23,1882.0,Work
2013-09-19,1239916.0,0.0,,3,4,11,106.26,1685.0,Work
2013-09-20,1239916.0,0.0,,4,5,10,104.7,1701.0,Work
2013-09-21,1239916.0,0.0,,5,6,9,104.34,1304.0,Weekend
2013-09-22,1239916.0,0.0,,6,7,8,103.98,479.0,Weekend
2013-09-23,1239916.0,0.0,,0,8,7,103.62,1707.0,Work
2013-09-24,1239916.0,0.0,,1,9,6,103.22,1780.0,Work
2013-09-25,1239916.0,0.0,,2,10,5,102.68,1829.0,Work
2013-09-26,1239916.0,0.0,,3,11,4,103.1,1681.0,Work
2013-09-27,1239916.0,0.0,,4,12,3,102.86,1772.0,Work
2013-09-28,1239916.0,0.0,,5,13,2,102.69333333333331,1286.0,Weekend
2013-09-29,1239916.0,0.0,,6,14,1,102.52666666666669,503.0,Weekend
2013-09-30,1239916.0,0.0,,0,0,0,102.36,1682.0,Work
2013-10-01,1239916.0,0.0,,1,1,14,102.09,1744.0,Work
2013-10-02,1239916.0,0.0,,2,2,13,104.15,1917.0,Work
2013-10-03,1239916.0,0.0,,3,3,12,103.29,1720.0,Work
2013-10-04,1239916.0,0.0,,4,4,11,103.83,1839.0,Work
2013-10-05,1239916.0,0.0,,5,5,10,103.57666666666668,1324.0,Weekend
2013-10-06,1239916.0,0.0,,6,6,9,103.32333333333332,504.0,Weekend
2013-10-07,1239916.0,0.0,,0,7,8,103.07,1759.0,Work
2013-10-08,1239916.0,0.0,,1,8,7,103.54,1721.0,Work
2013-10-09,1239916.0,0.0,,2,9,6,101.63,1788.0,Work
2013-10-10,1239916.0,0.0,,3,10,5,103.08,1692.0,Work
2013-10-11,1239916.0,0.0,,4,11,4,102.17,733.0,Holiday
2013-10-12,1239916.0,0.0,,5,12,3,102.26666666666668,949.0,Weekend
2013-10-13,1239916.0,0.0,,6,13,2,102.36333333333332,464.0,Weekend
2013-10-14,1239916.0,0.0,,0,14,1,102.46,1654.0,Work
2013-10-15,1239916.0,0.0,,1,0,0,101.15,1761.0,Work
2013-10-16,1239916.0,0.0,,2,1,15,102.34,1703.0,Work
2013-10-17,1239916.0,0.0,,3,2,14,100.72,1783.0,Work
2013-10-18,1239916.0,0.0,,4,3,13,100.87,1734.0,Work
2013-10-19,1239916.0,0.0,,5,4,12,100.34,1346.0,Weekend
2013-10-20,1239916.0,0.0,,6,5,11,99.81,500.0,Weekend
2013-10-21,1239916.0,0.0,,0,6,10,99.28,1830.0,Work
2013-10-22,1239916.0,0.0,,1,7,9,97.63,1687.0,Work
2013-10-23,1239916.0,0.0,,2,8,8,96.9,1820.0,Work
2013-10-24,1239916.0,0.0,,3,9,7,96.65,1748.0,Work
2013-10-25,1239916.0,0.0,,4,10,6,97.4,1805.0,Work
2013-10-26,1239916.0,0.0,,5,11,5,97.84666666666666,1282.0,Weekend
2013-10-27,1239916.0,0.0,,6,12,4,98.29333333333332,549.0,Weekend
2013-10-28,1239916.0,0.0,,0,13,3,98.74,1788.0,Work
2013-10-29,1239916.0,0.0,,1,14,2,98.29,1710.0,Work
2013-10-30,1239916.0,0.0,,2,15,1,96.81,1815.0,Work
2013-10-31,1239916.0,0.0,,3,0,0,96.29,1755.0,Work
2013-11-01,1239916.0,0.0,,4,1,14,94.56,1878.0,Work
2013-11-02,1239916.0,0.0,,5,2,13,94.56666666666666,1106.0,Holiday
2013-11-03,1239916.0,0.0,,6,3,12,94.57333333333332,515.0,Holiday
2013-11-04,1239916.0,0.0,,0,4,11,94.58,1838.0,Work
2013-11-05,1239916.0,0.0,,1,5,10,93.4,1848.0,Work
2013-11-06,1239916.0,0.0,,2,6,9,94.74,1797.0,Work
2013-11-07,1239916.0,0.0,,3,7,8,94.25,1724.0,Work
2013-11-08,1239916.0,0.0,,4,8,7,94.56,1859.0,Work
2013-11-09,1239916.0,0.0,,5,9,6,94.75,1184.0,Weekend
2013-11-10,1239916.0,0.0,,6,10,5,94.94,561.0,Weekend
2013-11-11,1239916.0,0.0,,0,11,4,95.13,1862.0,Work
2013-11-12,1239916.0,0.0,,1,12,3,93.12,1814.0,Work
2013-11-13,1239916.0,0.0,,2,13,2,93.91,1924.0,Work
2013-11-14,1239916.0,0.0,,3,14,1,93.76,1832.0,Work
2013-11-15,1239916.0,0.0,,4,0,0,93.8,1850.0,Work
2013-11-16,1239916.0,0.0,,5,1,14,93.54333333333334,1346.0,Weekend
2013-11-17,1239916.0,0.0,,6,2,13,93.28666666666666,512.0,Weekend
2013-11-18,1239916.0,0.0,,0,3,12,93.03,1881.0,Work
2013-11-19,1239916.0,0.0,,1,4,11,93.35,1784.0,Work
2013-11-20,1239916.0,0.0,,2,5,10,93.34,1947.0,Work
2013-11-21,1239916.0,0.0,,3,6,9,95.35,1753.0,Work
2013-11-22,1239916.0,0.0,,4,7,8,94.53,1799.0,Work
2013-11-23,1239916.0,0.0,,5,8,7,94.30666666666669,1229.0,Weekend
2013-11-24,1239916.0,0.0,,6,9,6,94.08333333333334,453.0,Weekend
2013-11-25,1239916.0,0.0,,0,10,5,93.86,1861.0,Work
2013-11-26,1239916.0,0.0,,1,11,4,93.41,1834.0,Work
2013-11-27,1239916.0,0.0,,2,12,3,92.05,1911.0,Work
2013-11-28,1239916.0,0.0,,3,13,2,92.3,1828.0,Work
2013-11-29,1239916.0,0.0,,4,14,1,92.55,1781.0,Work
2013-11-30,1239916.0,0.0,,5,0,0,92.90333333333334,1272.0,Weekend
2013-12-01,1239916.0,0.0,,6,1,14,93.25666666666666,485.0,Weekend
2013-12-02,1239916.0,0.0,,0,2,13,93.61,1844.0,Work
2013-12-03,1239916.0,0.0,,1,3,12,95.83,1812.0,Work
2013-12-04,1239916.0,0.0,,2,4,11,96.97,1995.0,Work
2013-12-05,1239916.0,0.0,,3,5,10,97.14,1930.0,Holiday
2013-12-06,1239916.0,0.0,,4,6,9,97.48,506.0,Holiday
2013-12-07,1239916.0,0.0,,5,7,8,97.35333333333334,1140.0,Weekend
2013-12-08,1239916.0,0.0,,6,8,7,97.22666666666666,443.0,Weekend
2013-12-09,1239916.0,0.0,,0,9,6,97.1,1812.0,Work
2013-12-10,1239916.0,0.0,,1,10,5,98.32,1992.0,Work
2013-12-11,1239916.0,0.0,,2,11,4,97.25,2087.0,Work
2013-12-12,1239916.0,0.0,,3,12,3,97.21,1945.0,Work
2013-12-13,1239916.0,0.0,,4,13,2,96.27,2033.0,Work
2013-12-14,1239916.0,0.0,,5,14,1,96.57333333333334,1507.0,Weekend
2013-12-15,1239916.0,0.0,,6,0,0,96.87666666666668,526.0,Weekend
2013-12-16,1239916.0,0.0,,0,1,15,97.18,2161.0,Work
2013-12-17,1239916.0,0.0,,1,2,14,96.99,2136.0,Work
2013-12-18,1239916.0,0.0,,2,3,13,97.59,2337.0,Work
2013-12-19,1239916.0,0.0,,3,4,12,98.4,2425.0,Work
2013-12-20,1239916.0,0.0,,4,5,11,99.11,2490.0,Work
2013-12-21,1239916.0,0.0,,5,6,10,98.94666666666669,1738.0,Holiday
2013-12-22,1239916.0,0.0,,6,7,9,98.78333333333332,1093.0,Holiday
2013-12-23,1239916.0,0.0,,0,8,8,98.62,2848.0,Holiday
2013-12-24,1239916.0,0.0,,1,9,7,98.87,2844.0,Holiday
2013-12-25,1239916.0,0.0,,2,10,6,99.025,0.0,Holiday
2013-12-26,1239916.0,0.0,,3,11,5,99.18,1980.0,Holiday
2013-12-27,1239916.0,0.0,,4,12,4,99.94,2022.0,Work
2013-12-28,1239916.0,0.0,,5,13,3,99.59333333333332,1070.0,Weekend
2013-12-29,1239916.0,0.0,,6,14,2,99.24666666666668,416.0,Weekend
2013-12-30,1239916.0,0.0,,0,15,1,98.9,1388.0,Work
2013-12-31,1239916.0,0.0,,1,0,0,98.17,1105.0,Holiday
2014-01-01,1239916.0,0.0,,2,1,14,96.655,0.0,Holiday
2014-01-02,1239916.0,0.0,,3,2,13,95.14,1875.0,Work
2014-01-03,1239916.0,0.0,,4,3,12,93.66,1817.0,Work
2014-01-04,1239916.0,0.0,,5,4,11,93.48,1294.0,Weekend
2014-01-05,1239916.0,0.0,,6,5,10,93.3,489.0,Weekend
2014-01-06,1239916.0,0.0,,0,6,9,93.12,1754.0,Work
2014-01-07,1239916.0,0.0,,1,7,8,93.31,1713.0,Work
2014-01-08,1239916.0,0.0,,2,8,7,91.9,1955.0,Work
2014-01-09,1239916.0,0.0,,3,9,6,91.36,1855.0,Work
2014-01-10,1239916.0,0.0,,4,10,5,92.39,1837.0,Work
2014-01-11,1239916.0,0.0,,5,11,4,92.07666666666668,1300.0,Weekend
2014-01-12,1239916.0,0.0,,6,12,3,91.76333333333334,531.0,Weekend
2014-01-13,1239916.0,0.0,,0,13,2,91.45,1887.0,Work
2014-01-14,1239916.0,0.0,,1,14,1,92.15,1738.0,Work
2014-01-15,1239916.0,1.0,,2,0,0,93.78,1944.0,Work
2014-01-16,1239916.0,1.0,,3,1,15,93.54,1819.0,Work
2014-01-17,1239916.0,1.0,,4,2,14,93.96,1889.0,Work
2014-01-18,1239916.0,1.0,,5,3,13,94.0975,1329.0,Weekend
2014-01-19,1239916.0,0.0,,6,4,12,94.235,504.0,Weekend
2014-01-20,1239916.0,1.0,,0,5,11,94.3725,1791.0,Work
2014-01-21,1239916.0,2.0,,1,6,10,94.51,1872.0,Work
2014-01-22,1239916.0,0.0,,2,7,9,96.35,1818.0,Work
2014-01-23,1239916.0,0.0,,3,8,8,97.23,1744.0,Work
2014-01-24,1239916.0,0.0,,4,9,7,96.66,1858.0,Work
2014-01-25,1239916.0,0.0,,5,10,6,96.38,1234.0,Weekend
2014-01-26,1239916.0,0.0,,6,11,5,96.1,537.0,Weekend
2014-01-27,1239916.0,0.0,,0,12,4,95.82,1765.0,Work
2014-01-28,1239916.0,0.0,,1,13,3,97.49,1746.0,Work
2014-01-29,1239916.0,1.0,,2,14,2,97.34,1903.0,Work
2014-01-30,1239916.0,0.0,,3,15,1,98.25,1747.0,Work
2014-01-31,1239916.0,0.0,,4,0,0,97.55,1872.0,Work
2014-02-01,1239916.0,0.0,,5,1,14,97.18,1344.0,Weekend
2014-02-02,1239916.0,0.0,,6,2,13,96.81,502.0,Weekend
2014-02-03,1239916.0,0.0,,0,3,12,96.44,1898.0,Work
2014-02-04,1239916.0,0.0,,1,4,11,97.24,1781.0,Work
2014-02-05,1239916.0,0.0,,2,5,10,97.4,1909.0,Work
2014-02-06,1239916.0,0.0,,3,6,9,97.84,1749.0,Work
2014-02-07,1239916.0,0.0,,4,7,8,99.98,1812.0,Work
2014-02-08,1239916.0,0.0,,5,8,7,100.02666666666669,1335.0,Weekend
2014-02-09,1239916.0,0.0,,6,9,6,100.07333333333334,484.0,Weekend
2014-02-10,1239916.0,0.0,,0,10,5,100.12,1763.0,Work
2014-02-11,1239916.0,0.0,,1,11,4,99.96,1768.0,Work
2014-02-12,1239916.0,0.0,,2,12,3,100.38,1910.0,Work
2014-02-13,1239916.0,0.0,,3,13,2,100.27,1910.0,Work
2014-02-14,1239916.0,0.0,,4,14,1,100.31,2130.0,Work
2014-02-15,1239916.0,0.0,,5,0,0,100.8675,1333.0,Weekend
2014-02-16,1239916.0,0.0,,6,1,12,101.425,482.0,Weekend
2014-02-17,1239916.0,0.0,,0,2,11,101.98250000000002,1807.0,Work
2014-02-18,1239916.0,0.0,,1,3,10,102.54,1742.0,Work
2014-02-19,1239916.0,0.0,,2,4,9,103.46,1918.0,Work
2014-02-20,1239916.0,0.0,,3,5,8,103.2,1738.0,Work
2014-02-21,1239916.0,0.0,,4,6,7,102.53,1701.0,Work
2014-02-22,1239916.0,0.0,,5,7,6,102.74333333333334,1238.0,Weekend
2014-02-23,1239916.0,0.0,,6,8,5,102.95666666666668,463.0,Weekend
2014-02-24,1239916.0,0.0,,0,9,4,103.17,1814.0,Work
2014-02-25,1239916.0,0.0,,1,10,3,102.2,1849.0,Work
2014-02-26,1239916.0,0.0,,2,11,2,102.93,1863.0,Work
2014-02-27,1239916.0,0.0,,3,12,1,102.68,1696.0,Work
2014-02-28,1239916.0,0.0,,4,0,0,102.88,1880.0,Work
2014-03-01,1239916.0,0.0,,5,1,14,103.7,1111.0,Weekend
2014-03-02,1239916.0,0.0,,6,2,13,104.52,346.0,Weekend
2014-03-03,1239916.0,0.0,,0,3,12,105.34,400.0,Holiday
2014-03-04,1239916.0,0.0,,1,4,11,103.64,489.0,Holiday
2014-03-05,1239916.0,0.0,,2,5,10,101.75,1905.0,Work
2014-03-06,1239916.0,0.0,,3,6,9,101.82,1825.0,Work
2014-03-07,1239916.0,0.0,,4,7,8,102.82,1827.0,Work
2014-03-08,1239916.0,0.0,,5,8,7,102.34333333333332,1510.0,Weekend
2014-03-09,1239916.0,0.0,,6,9,6,101.86666666666667,535.0,Weekend
2014-03-10,1239916.0,0.0,,0,10,5,101.39,1756.0,Work
2014-03-11,1239916.0,0.0,,1,11,4,100.29,1841.0,Work
2014-03-12,1239916.0,0.0,,2,12,3,98.29,1886.0,Work
2014-03-13,1239916.0,0.0,,3,13,2,98.57,1752.0,Work
2014-03-14,1239916.0,0.0,,4,14,1,99.23,1814.0,Work
2014-03-15,1239916.0,0.0,,5,0,0,98.96333333333334,1317.0,Weekend
2014-03-16,1239916.0,0.0,,6,1,15,98.69666666666669,553.0,Weekend
2014-03-17,1239916.0,0.0,,0,2,14,98.43,1837.0,Work
2014-03-18,1239916.0,0.0,,1,3,13,100.08,1759.0,Work
2014-03-19,1239916.0,0.0,,2,4,12,100.71,1896.0,Work
2014-03-20,1239916.0,0.0,,3,5,11,99.68,1628.0,Work
2014-03-21,1239916.0,0.0,,4,6,10,99.97,1903.0,Work
2014-03-22,1239916.0,0.0,,5,7,9,99.99666666666668,1327.0,Weekend
2014-03-23,1239916.0,0.0,,6,8,8,100.02333333333334,523.0,Weekend
2014-03-24,1239916.0,0.0,,0,9,7,100.05,1704.0,Work
2014-03-25,1239916.0,0.0,,1,10,6,99.66,1863.0,Work
2014-03-26,1239916.0,0.0,,2,11,5,100.61,1818.0,Work
2014-03-27,1239916.0,0.0,,3,12,4,101.25,1683.0,Work
2014-03-28,1239916.0,0.0,,4,13,3,101.73,1862.0,Work
2014-03-29,1239916.0,0.0,,5,14,2,101.67666666666666,1274.0,Weekend
2014-03-30,1239916.0,0.0,,6,15,1,101.62333333333332,505.0,Weekend
2014-03-31,1239916.0,0.0,,0,0,0,101.57,1862.0,Work
2014-04-01,1239916.0,0.0,,1,1,14,99.69,1847.0,Work
2014-04-02,1239916.0,0.0,,2,2,13,99.6,1899.0,Work
2014-04-03,1239916.0,0.0,,3,3,12,100.29,1789.0,Work
2014-04-04,1239916.0,0.0,,4,4,11,101.16,1875.0,Work
2014-04-05,1239916.0,0.0,,5,5,10,100.91666666666669,1393.0,Weekend
2014-04-06,1239916.0,0.0,,6,6,9,100.67333333333336,529.0,Weekend
2014-04-07,1239916.0,0.0,,0,7,8,100.43,1936.0,Work
2014-04-08,1239916.0,0.0,,1,8,7,102.57,1743.0,Work
2014-04-09,1239916.0,0.0,,2,9,6,103.55,1940.0,Work
2014-04-10,1239916.0,0.0,,3,10,5,103.37,1770.0,Work
2014-04-11,1239916.0,0.0,,4,11,4,103.68,1866.0,Work
2014-04-12,1239916.0,0.0,,5,12,3,103.80333333333334,1340.0,Weekend
2014-04-13,1239916.0,0.0,,6,13,2,103.92666666666668,463.0,Weekend
2014-04-14,1239916.0,0.0,,0,14,1,104.05,1880.0,Work
2014-04-15,1239916.0,0.0,,1,0,0,103.7,1794.0,Work
2014-04-16,1239916.0,0.0,,2,1,14,103.71,1915.0,Work
2014-04-17,1239916.0,0.0,,3,2,13,104.33,1784.0,Work
2014-04-18,1239916.0,0.0,,4,3,12,104.335,507.0,Holiday
2014-04-19,1239916.0,0.0,,5,4,11,104.34,1038.0,Weekend
2014-04-20,1239916.0,0.0,,6,5,10,104.345,414.0,Weekend
2014-04-21,1239916.0,0.0,,0,6,9,104.35,1776.0,Work
2014-04-22,1239916.0,0.0,,1,7,8,101.69,1688.0,Work
2014-04-23,1239916.0,0.0,,2,8,7,101.47,1935.0,Work
2014-04-24,1239916.0,0.0,,3,9,6,102.2,1787.0,Work
2014-04-25,1239916.0,0.0,,4,10,5,100.85,1860.0,Work
2014-04-26,1239916.0,0.0,,5,11,4,100.94333333333331,1234.0,Weekend
2014-04-27,1239916.0,0.0,,6,12,3,101.03666666666666,505.0,Weekend
2014-04-28,1239916.0,0.0,,0,13,2,101.13,1782.0,Work
2014-04-29,1239916.0,0.0,,1,14,1,101.56,1756.0,Work
2014-04-30,1239916.0,0.0,,2,0,0,100.07,1990.0,Work
2014-05-01,1239916.0,0.0,,3,1,14,99.69,503.0,Holiday
2014-05-02,1239916.0,0.0,,4,2,13,100.09,1805.0,Work
2014-05-03,1239916.0,0.0,,5,3,12,99.97333333333331,1326.0,Weekend
2014-05-04,1239916.0,0.0,,6,4,11,99.85666666666664,473.0,Weekend
2014-05-05,1239916.0,0.0,,0,5,10,99.74,1460.0,Work
2014-05-06,1239916.0,0.0,,1,6,9,99.81,1849.0,Work
2014-05-07,1239916.0,0.0,,2,7,8,101.06,1912.0,Work
2014-05-08,1239916.0,0.0,,3,8,7,100.52,1727.0,Work
2014-05-09,1239916.0,0.0,,4,9,6,100.32,1998.0,Work
2014-05-10,1239916.0,0.0,,5,10,5,100.51,1440.0,Holiday
2014-05-11,1239916.0,0.0,,6,11,4,100.7,595.0,Holiday
2014-05-12,1239916.0,0.0,,0,12,3,100.89,1768.0,Work
2014-05-13,1239916.0,0.0,,1,13,2,102.01,1874.0,Work
2014-05-14,1239916.0,0.0,,2,14,1,102.63,1861.0,Work
2014-05-15,1239916.0,0.0,,3,0,0,101.74,1794.0,Work
2014-05-16,1239916.0,0.0,,4,1,15,102.31,1797.0,Work
2014-05-17,1239916.0,0.0,,5,2,14,102.52333333333334,1291.0,Weekend
2014-05-18,1239916.0,0.0,,6,3,13,102.73666666666668,470.0,Weekend
2014-05-19,1239916.0,0.0,,0,4,12,102.95,1894.0,Work
2014-05-20,1239916.0,0.0,,1,5,11,102.8,1840.0,Work
2014-05-21,1239916.0,0.0,,2,6,10,104.31,1932.0,Work
2014-05-22,1239916.0,0.0,,3,7,9,104.03,1701.0,Work
2014-05-23,1239916.0,0.0,,4,8,8,105.01,1726.0,Work
2014-05-24,1239916.0,0.0,,5,9,7,104.9525,1250.0,Holiday
2014-05-25,1239916.0,0.0,,6,10,6,104.895,499.0,Weekend
2014-05-26,1239916.0,0.0,,0,11,5,104.8375,1807.0,Work
2014-05-27,1239916.0,0.0,,1,12,4,104.78,1741.0,Work
2014-05-28,1239916.0,0.0,,2,13,3,103.37,1903.0,Work
2014-05-29,1239916.0,0.0,,3,14,2,104.26,1752.0,Work
2014-05-30,1239916.0,0.0,,4,15,1,103.4,1917.0,Work
2014-05-31,1239916.0,0.0,,5,0,0,103.29,1320.0,Weekend
2014-06-01,1239916.0,0.0,,6,1,14,103.18,512.0,Weekend
2014-06-02,1239916.0,0.0,,0,2,13,103.07,1918.0,Work
2014-06-03,1239916.0,0.0,,1,3,12,103.34,1940.0,Work
2014-06-04,1239916.0,0.0,,2,4,11,103.27,1930.0,Work
2014-06-05,1239916.0,0.0,,3,5,10,103.17,1725.0,Work
2014-06-06,1239916.0,0.0,,4,6,9,103.32,1892.0,Work
2014-06-07,1239916.0,0.0,,5,7,8,103.91,1325.0,Weekend
2014-06-08,1239916.0,0.0,,6,8,7,104.5,432.0,Weekend
2014-06-09,1239916.0,0.0,,0,9,6,105.09,1786.0,Work
2014-06-10,1239916.0,0.0,,1,10,5,105.02,1705.0,Work
2014-06-11,1239916.0,0.0,,2,11,4,105.04,1872.0,Work
2014-06-12,1239916.0,0.0,,3,12,3,107.2,1734.0,Holiday
2014-06-13,1239916.0,0.0,,4,13,2,107.49,1918.0,Work
2014-06-14,1239916.0,0.0,,5,14,1,107.5,1447.0,Weekend
2014-06-15,1239916.0,0.0,,6,0,0,107.51,462.0,Holiday
2014-06-16,1239916.0,0.0,,0,1,14,107.52,1801.0,Work
2014-06-17,1239916.0,0.0,,1,2,13,106.95,1747.0,Work
2014-06-18,1239916.0,0.0,,2,3,12,106.64,1798.0,Work
2014-06-19,1239916.0,0.0,,3,4,11,107.08,1713.0,Work
2014-06-20,1239916.0,0.0,,4,5,10,107.95,1880.0,Holiday
2014-06-21,1239916.0,0.0,,5,6,9,107.57666666666668,1269.0,Weekend
2014-06-22,1239916.0,0.0,,6,7,8,107.20333333333332,493.0,Weekend
2014-06-23,1239916.0,0.0,,0,8,7,106.83,1823.0,Work
2014-06-24,1239916.0,0.0,,1,9,6,106.64,1734.0,Work
2014-06-25,1239916.0,0.0,,2,10,5,107.04,1747.0,Holiday
2014-06-26,1239916.0,0.0,,3,11,4,106.49,1707.0,Work
2014-06-27,1239916.0,0.0,,4,12,3,106.46,1866.0,Work
2014-06-28,1239916.0,0.0,,5,13,2,106.33,1300.0,Holiday
2014-06-29,1239916.0,0.0,,6,14,1,106.2,446.0,Holiday
2014-06-30,1239916.0,0.0,,0,0,0,106.07,1758.0,Holiday
2014-07-01,1239916.0,0.0,,1,1,14,106.06,1749.0,Holiday
2014-07-02,1239916.0,0.0,,2,2,13,105.18,1962.0,Work
2014-07-03,1239916.0,0.0,,3,3,12,104.76,1775.0,Work
2014-07-04,1239916.0,0.0,,4,4,11,104.6175,1918.0,Holiday
2014-07-05,1239916.0,0.0,,5,5,10,104.475,1128.0,Holiday
2014-07-06,1239916.0,0.0,,6,6,9,104.3325,499.0,Weekend
2014-07-07,1239916.0,0.0,,0,7,8,104.19,1791.0,Work
2014-07-08,1239916.0,0.0,,1,8,7,104.06,1812.0,Holiday
2014-07-09,1239916.0,0.0,,2,9,6,102.93,1821.0,Holiday
2014-07-10,1239916.0,0.0,,3,10,5,103.61,1665.0,Work
2014-07-11,1239916.0,0.0,,4,11,4,101.48,1802.0,Work
2014-07-12,1239916.0,0.0,,5,12,3,101.56333333333332,1211.0,Holiday
2014-07-13,1239916.0,0.0,,6,13,2,101.64666666666668,538.0,Holiday
2014-07-14,1239916.0,0.0,,0,14,1,101.73,1880.0,Work
2014-07-15,1239916.0,0.0,,1,0,0,100.56,1812.0,Work
2014-07-16,1239916.0,0.0,,2,1,15,101.88,1817.0,Work
2014-07-17,1239916.0,0.0,,3,2,14,103.84,1690.0,Work
2014-07-18,1239916.0,0.0,,4,3,13,103.83,1781.0,Work
2014-07-19,1239916.0,0.0,,5,4,12,104.33333333333331,1233.0,Weekend
2014-07-20,1239916.0,0.0,,6,5,11,104.83666666666667,457.0,Weekend
2014-07-21,1239916.0,0.0,,0,6,10,105.34,1808.0,Work
2014-07-22,1239916.0,0.0,,1,7,9,104.59,1761.0,Work
2014-07-23,1239916.0,0.0,,2,8,8,103.81,1868.0,Work
2014-07-24,1239916.0,0.0,,3,9,7,102.76,1679.0,Work
2014-07-25,1239916.0,0.0,,4,10,6,105.23,1835.0,Work
2014-07-26,1239916.0,0.0,,5,11,5,105.38,1236.0,Weekend
2014-07-27,1239916.0,0.0,,6,12,4,105.53,494.0,Weekend
2014-07-28,1239916.0,0.0,,0,13,3,105.68,1902.0,Work
2014-07-29,1239916.0,0.0,,1,14,2,104.91,1751.0,Work
2014-07-30,1239916.0,0.0,,2,15,1,104.29,1845.0,Work
2014-07-31,1239916.0,0.0,,3,0,0,98.23,1733.0,Work
2014-08-01,1239916.0,0.0,,4,1,14,97.86,1930.0,Work
2014-08-02,1239916.0,0.0,,5,2,13,97.99333333333334,1207.0,Weekend
2014-08-03,1239916.0,0.0,,6,3,12,98.12666666666668,459.0,Weekend
2014-08-04,1239916.0,0.0,,0,4,11,98.26,1892.0,Work
2014-08-05,1239916.0,0.0,,1,5,10,97.34,1782.0,Work
2014-08-06,1239916.0,0.0,,2,6,9,96.93,1791.0,Work
2014-08-07,1239916.0,0.0,,3,7,8,97.34,1657.0,Work
2014-08-08,1239916.0,0.0,,4,8,7,97.61,1835.0,Work
2014-08-09,1239916.0,0.0,,5,9,6,97.77,1216.0,Weekend
2014-08-10,1239916.0,0.0,,6,10,5,97.93,477.0,Holiday
2014-08-11,1239916.0,0.0,,0,11,4,98.09,1824.0,Work
2014-08-12,1239916.0,0.0,,1,12,3,97.36,1701.0,Work
2014-08-13,1239916.0,0.0,,2,13,2,97.57,1868.0,Work
2014-08-14,1239916.0,0.0,,3,14,1,95.54,1720.0,Work
2014-08-15,1239916.0,0.0,,4,0,0,97.3,1833.0,Work
2014-08-16,1239916.0,0.0,,5,1,15,97.01333333333334,1257.0,Weekend
2014-08-17,1239916.0,0.0,,6,2,14,96.72666666666666,459.0,Weekend
2014-08-18,1239916.0,0.0,,0,3,13,96.44,1805.0,Work
2014-08-19,1239916.0,0.0,,1,4,12,94.35,1670.0,Work
2014-08-20,1239916.0,0.0,,2,5,11,96.4,1788.0,Work
2014-08-21,1239916.0,0.0,,3,6,10,93.97,1685.0,Work
2014-08-22,1239916.0,0.0,,4,7,9,93.61,1766.0,Work
2014-08-23,1239916.0,0.0,,5,8,8,94.20333333333332,1214.0,Weekend
2014-08-24,1239916.0,0.0,,6,9,7,94.79666666666668,494.0,Weekend
2014-08-25,1239916.0,0.0,,0,10,6,95.39,1789.0,Work
2014-08-26,1239916.0,0.0,,1,11,5,95.78,1745.0,Work
2014-08-27,1239916.0,0.0,,2,12,4,95.82,1846.0,Work
2014-08-28,1239916.0,0.0,,3,13,3,96.44,1607.0,Work
2014-08-29,1239916.0,0.0,,4,14,2,97.86,1852.0,Work
2014-08-30,1239916.0,0.0,,5,15,1,96.625,1385.0,Weekend
2014-08-31,1239916.0,0.0,,6,0,0,95.39,512.0,Weekend
2014-09-01,1239916.0,0.0,,0,1,14,94.155,1829.0,Work
2014-09-02,1239916.0,0.0,,1,2,13,92.92,1792.0,Work
2014-09-03,1239916.0,0.0,,2,3,12,95.5,1892.0,Work
2014-09-04,1239916.0,0.0,,3,4,11,94.51,1721.0,Work
2014-09-05,1239916.0,0.0,,4,5,10,93.32,1779.0,Work
2014-09-06,1239916.0,0.0,,5,6,9,93.09333333333332,1315.0,Weekend
2014-09-07,1239916.0,0.0,,6,7,8,92.86666666666667,538.0,Weekend
2014-09-08,1239916.0,0.0,,0,8,7,92.64,1923.0,Work
2014-09-09,1239916.0,0.0,,1,9,6,92.73,1809.0,Work
2014-09-10,1239916.0,0.0,,2,10,5,91.71,1889.0,Work
2014-09-11,1239916.0,0.0,,3,11,4,92.89,1795.0,Work
2014-09-12,1239916.0,0.0,,4,12,3,92.18,1793.0,Work
2014-09-13,1239916.0,0.0,,5,13,2,92.40666666666668,1279.0,Weekend
2014-09-14,1239916.0,0.0,,6,14,1,92.63333333333333,537.0,Weekend
2014-09-15,1239916.0,0.0,,0,0,0,92.86,1764.0,Work
2014-09-16,1239916.0,0.0,,1,1,14,94.91,1748.0,Work
2014-09-17,1239916.0,0.0,,2,2,13,94.33,1804.0,Work
2014-09-18,1239916.0,0.0,,3,3,12,93.07,1655.0,Work
2014-09-19,1239916.0,0.0,,4,4,11,92.43,1628.0,Work
2014-09-20,1239916.0,0.0,,5,5,10,92.10666666666668,1410.0,Weekend
2014-09-21,1239916.0,0.0,,6,6,9,91.78333333333332,478.0,Weekend
2014-09-22,1239916.0,0.0,,0,7,8,91.46,1726.0,Work
2014-09-23,1239916.0,0.0,,1,8,7,91.55,1723.0,Work
2014-09-24,1239916.0,0.0,,2,9,6,93.6,1895.0,Work
2014-09-25,1239916.0,0.0,,3,10,5,93.59,1680.0,Work
2014-09-26,1239916.0,0.0,,4,11,4,95.55,1715.0,Work
2014-09-27,1239916.0,0.0,,5,12,3,95.21,1250.0,Weekend
2014-09-28,1239916.0,0.0,,6,13,2,94.87,528.0,Weekend
2014-09-29,1239916.0,0.0,,0,14,1,94.53,1808.0,Work
2014-09-30,1239916.0,0.0,,1,0,0,91.17,1711.0,Work
2014-10-01,1239916.0,0.0,,2,1,14,90.74,1934.0,Work
2014-10-02,1239916.0,0.0,,3,2,13,91.02,1752.0,Work
2014-10-03,1239916.0,0.0,,4,3,12,89.76,1935.0,Work
2014-10-04,1239916.0,0.0,,5,4,11,89.95,1380.0,Weekend
2014-10-05,1239916.0,0.0,,6,5,10,90.14,527.0,Weekend
2014-10-06,1239916.0,0.0,,0,6,9,90.33,1736.0,Work
2014-10-07,1239916.0,0.0,,1,7,8,88.89,1761.0,Work
2014-10-08,1239916.0,0.0,,2,8,7,87.29,1768.0,Work
2014-10-09,1239916.0,0.0,,3,9,6,85.76,1777.0,Work
2014-10-10,1239916.0,0.0,,4,10,5,85.87,603.0,Holiday
2014-10-11,1239916.0,0.0,,5,11,4,85.82333333333334,1106.0,Weekend
2014-10-12,1239916.0,0.0,,6,12,3,85.77666666666667,465.0,Weekend
2014-10-13,1239916.0,0.0,,0,13,2,85.73,1801.0,Work
2014-10-14,1239916.0,0.0,,1,14,1,81.72,1807.0,Work
2014-10-15,1239916.0,0.0,,2,0,0,81.82,1872.0,Work
2014-10-16,1239916.0,0.0,,3,1,15,82.33,1725.0,Work
2014-10-17,1239916.0,0.0,,4,2,14,82.8,1741.0,Work
2014-10-18,1239916.0,0.0,,5,3,13,82.78666666666666,1342.0,Weekend
2014-10-19,1239916.0,0.0,,6,4,12,82.77333333333334,549.0,Weekend
2014-10-20,1239916.0,0.0,,0,5,11,82.76,1785.0,Work
2014-10-21,1239916.0,0.0,,1,6,10,83.25,1659.0,Work
2014-10-22,1239916.0,0.0,,2,7,9,80.52,1742.0,Work
2014-10-23,1239916.0,0.0,,3,8,8,82.81,1684.0,Work
2014-10-24,1239916.0,0.0,,4,9,7,81.27,1708.0,Work
2014-10-25,1239916.0,0.0,,5,10,6,81.26666666666667,1268.0,Weekend
2014-10-26,1239916.0,0.0,,6,11,5,81.26333333333334,523.0,Weekend
2014-10-27,1239916.0,0.0,,0,12,4,81.26,1646.0,Work
2014-10-28,1239916.0,0.0,,1,13,3,81.36,1643.0,Work
2014-10-29,1239916.0,0.0,,2,14,2,82.25,1857.0,Work
2014-10-30,1239916.0,0.0,,3,15,1,81.06,1704.0,Work
2014-10-31,1239916.0,0.0,,4,0,0,80.53,1735.0,Work
2014-11-01,1239916.0,0.0,,5,1,14,79.94333333333333,1103.0,Weekend
2014-11-02,1239916.0,0.0,,6,2,13,79.35666666666665,407.0,Holiday
2014-11-03,1239916.0,0.0,,0,3,12,78.77,487.0,Holiday
2014-11-04,1239916.0,0.0,,1,4,11,77.15,1670.0,Work
2014-11-05,1239916.0,0.0,,2,5,10,78.71,1880.0,Work
2014-11-06,1239916.0,0.0,,3,6,9,77.87,1731.0,Work
2014-11-07,1239916.0,0.0,,4,7,8,78.71,1846.0,Work
2014-11-08,1239916.0,0.0,,5,8,7,78.28333333333333,1307.0,Weekend
2014-11-09,1239916.0,0.0,,6,9,6,77.85666666666667,505.0,Weekend
2014-11-10,1239916.0,0.0,,0,10,5,77.43,1713.0,Work
2014-11-11,1239916.0,0.0,,1,11,4,77.85,1703.0,Work
2014-11-12,1239916.0,0.0,,2,12,3,77.16,1882.0,Work
2014-11-13,1239916.0,0.0,,3,13,2,74.13,1692.0,Work
2014-11-14,1239916.0,0.0,,4,14,1,75.91,1805.0,Work
2014-11-15,1239916.0,0.0,,5,0,0,75.82,1329.0,Weekend
2014-11-16,1239916.0,0.0,,6,1,14,75.72999999999999,535.0,Weekend
2014-11-17,1239916.0,0.0,,0,2,13,75.64,1776.0,Work
2014-11-18,1239916.0,0.0,,1,3,12,74.55,1729.0,Work
2014-11-19,1239916.0,0.0,,2,4,11,74.55,1805.0,Work
2014-11-20,1239916.0,0.0,,3,5,10,75.63,1770.0,Work
2014-11-21,1239916.0,0.0,,4,6,9,76.52,1762.0,Work
2014-11-22,1239916.0,0.0,,5,7,8,76.25999999999999,1289.0,Weekend
2014-11-23,1239916.0,0.0,,6,8,7,76.0,566.0,Weekend
2014-11-24,1239916.0,0.0,,0,9,6,75.74,1726.0,Work
2014-11-25,1239916.0,0.0,,1,10,5,74.04,1789.0,Work
2014-11-26,1239916.0,0.0,,2,11,4,73.7,1853.0,Work
2014-11-27,1239916.0,0.0,,3,12,3,69.82,1713.0,Work
2014-11-28,1239916.0,0.0,,4,13,2,65.94,1820.0,Holiday
2014-11-29,1239916.0,0.0,,5,14,1,66.95333333333333,1304.0,Weekend
2014-11-30,1239916.0,0.0,,6,0,0,67.96666666666667,540.0,Weekend
2014-12-01,1239916.0,0.0,,0,1,14,68.98,1953.0,Holiday
2014-12-02,1239916.0,0.0,,1,2,13,66.99,1819.0,Work
2014-12-03,1239916.0,0.0,,2,3,12,67.3,1965.0,Work
2014-12-04,1239916.0,0.0,,3,4,11,66.73,1875.0,Work
2014-12-05,1239916.0,0.0,,4,5,10,65.89,2028.0,Holiday
2014-12-06,1239916.0,0.0,,5,6,9,64.97,1065.0,Holiday
2014-12-07,1239916.0,0.0,,6,7,8,64.05,486.0,Weekend
2014-12-08,1239916.0,0.0,,0,8,7,63.13,2006.0,Work
2014-12-09,1239916.0,0.0,,1,9,6,63.74,1896.0,Work
2014-12-10,1239916.0,0.0,,2,10,5,60.99,1972.0,Work
2014-12-11,1239916.0,0.0,,3,11,4,60.01,1932.0,Work
2014-12-12,1239916.0,0.0,,4,12,3,57.81,1951.0,Work
2014-12-13,1239916.0,0.0,,5,13,2,57.193333333333335,1427.0,Weekend
2014-12-14,1239916.0,0.0,,6,14,1,56.57666666666667,593.0,Weekend
2014-12-15,1239916.0,0.0,,0,0,0,55.96,2008.0,Work
2014-12-16,1239916.0,0.0,,1,1,15,55.97,2026.0,Work
2014-12-17,1239916.0,0.0,,2,2,14,56.43,2347.0,Work
2014-12-18,1239916.0,0.0,,3,3,13,54.18,2201.0,Work
2014-12-19,1239916.0,0.0,,4,4,12,56.91,2310.0,Work
2014-12-20,1239916.0,0.0,,5,5,11,56.35666666666666,1882.0,Weekend
2014-12-21,1239916.0,0.0,,6,6,10,55.80333333333333,990.0,Holiday
2014-12-22,1239916.0,0.0,,0,7,9,55.25,2594.0,Holiday
2014-12-23,1239916.0,0.0,,1,8,8,56.78,2861.0,Holiday
2014-12-24,1239916.0,0.0,,2,9,7,55.7,2800.0,Holiday
2014-12-25,1239916.0,0.0,,3,10,6,55.145,0.0,Holiday
2014-12-26,1239916.0,0.0,,4,11,5,54.59,1295.0,Holiday
2014-12-27,1239916.0,0.0,,5,12,4,54.21333333333334,1031.0,Weekend
2014-12-28,1239916.0,0.0,,6,13,3,53.83666666666667,398.0,Weekend
2014-12-29,1239916.0,0.0,,0,14,2,53.46,1789.0,Work
2014-12-30,1239916.0,0.0,,1,15,1,54.14,2008.0,Work
2014-12-31,1239916.0,0.0,,2,0,0,53.45,2024.0,Holiday
2015-01-01,1239916.0,0.0,,3,1,14,53.085,0.0,Holiday
2015-01-02,1239916.0,0.0,,4,2,13,52.72,1021.0,Holiday
2015-01-03,1239916.0,0.0,,5,3,12,51.83,1015.0,Weekend
2015-01-04,1239916.0,0.0,,6,4,11,50.94,484.0,Weekend
2015-01-05,1239916.0,3.0,False,0,5,10,50.05,1956.0,Work
2015-01-06,1239916.0,0.0,,1,6,9,47.98,1890.0,Work
2015-01-07,1239916.0,3.0,False,2,7,8,48.69,1989.0,Work
2015-01-08,1239916.0,0.0,,3,8,7,48.8,1837.0,Work
2015-01-09,1239916.0,0.0,,4,9,6,48.35,1925.0,Work
2015-01-10,1239916.0,0.0,,5,10,5,47.586666666666666,1534.0,Weekend
2015-01-11,1239916.0,0.0,,6,11,4,46.82333333333334,507.0,Weekend
2015-01-12,1239916.0,0.0,,0,12,3,46.06,1929.0,Work
2015-01-13,1239916.0,1.0,False,1,13,2,45.92,1877.0,Work
2015-01-14,1239916.0,1.0,False,2,14,1,48.49,1936.0,Work
2015-01-15,1239916.0,0.0,,3,0,0,46.37,1796.0,Work
2015-01-16,1239916.0,0.0,,4,1,15,48.49,1713.0,Work
2015-01-17,1239916.0,0.0,,5,2,14,48.065,1473.0,Weekend
2015-01-18,1239916.0,0.0,,6,3,13,47.64,517.0,Weekend
2015-01-19,1239916.0,0.0,,0,4,12,47.215,1955.0,Work
2015-01-20,1239916.0,0.0,,1,5,11,46.79,1885.0,Work
2015-01-21,1239916.0,0.0,,2,6,10,47.85,1955.0,Work
2015-01-22,1239916.0,0.0,,3,7,9,45.93,1737.0,Work
2015-01-23,1239916.0,0.0,,4,8,8,45.26,1885.0,Work
2015-01-24,1239916.0,0.0,,5,9,7,45.10666666666666,1400.0,Weekend
2015-01-25,1239916.0,0.0,,6,10,6,44.95333333333333,516.0,Weekend
2015-01-26,1239916.0,0.0,,0,11,5,44.8,1864.0,Work
2015-01-27,1239916.0,0.0,,1,12,4,45.84,1738.0,Work
2015-01-28,1239916.0,0.0,,2,13,3,44.08,1901.0,Work
2015-01-29,1239916.0,0.0,,3,14,2,44.12,1781.0,Work
2015-01-30,1239916.0,0.0,,4,15,1,47.79,1888.0,Work
2015-01-31,1239916.0,0.0,,5,0,0,48.27666666666666,1398.0,Weekend
2015-02-01,1239916.0,0.0,,6,1,14,48.763333333333335,502.0,Weekend
2015-02-02,1239916.0,0.0,,0,2,13,49.25,1831.0,Work
2015-02-03,1239916.0,0.0,,1,3,12,53.04,1844.0,Work
2015-02-04,1239916.0,0.0,,2,4,11,48.45,1894.0,Work
2015-02-05,1239916.0,0.0,,3,5,10,50.48,1774.0,Work
2015-02-06,1239916.0,0.0,,4,6,9,51.66,1865.0,Work
2015-02-07,1239916.0,0.0,,5,7,8,52.10333333333333,1408.0,Weekend
2015-02-08,1239916.0,0.0,,6,8,7,52.54666666666667,490.0,Weekend
2015-02-09,1239916.0,0.0,,0,9,6,52.99,1792.0,Work
2015-02-10,1239916.0,0.0,,1,10,5,50.06,1790.0,Work
2015-02-11,1239916.0,0.0,,2,11,4,48.8,1914.0,Work
2015-02-12,1239916.0,0.0,,3,12,3,51.17,1816.0,Work
2015-02-13,1239916.0,0.0,,4,13,2,52.66,2099.0,Work
2015-02-14,1239916.0,0.0,,5,14,1,52.885,1235.0,Weekend
2015-02-15,1239916.0,0.0,,6,0,0,53.11,378.0,Weekend
2015-02-16,1239916.0,0.0,,0,1,12,53.335,449.0,Holiday
2015-02-17,1239916.0,0.0,,1,2,11,53.56,486.0,Holiday
2015-02-18,1239916.0,0.0,,2,3,10,52.13,1942.0,Work
2015-02-19,1239916.0,0.0,,3,4,9,51.12,1554.0,Work
2015-02-20,1239916.0,0.0,,4,5,8,49.95,1866.0,Work
2015-02-21,1239916.0,0.0,,5,6,7,49.82,1530.0,Weekend
2015-02-22,1239916.0,0.0,,6,7,6,49.69,524.0,Weekend
2015-02-23,1239916.0,0.0,,0,8,5,49.56,1763.0,Work
2015-02-24,1239916.0,0.0,,1,9,4,48.48,1756.0,Work
2015-02-25,1239916.0,0.0,,2,10,3,50.25,1923.0,Work
2015-02-26,1239916.0,0.0,,3,11,2,47.65,1746.0,Work
2015-02-27,1239916.0,0.0,,4,12,1,49.84,1877.0,Work
2015-02-28,1239916.0,0.0,,5,0,0,49.75666666666667,1425.0,Weekend
2015-03-01,1239916.0,0.0,,6,1,14,49.67333333333333,522.0,Weekend
2015-03-02,1239916.0,0.0,,0,2,13,49.59,1823.0,Work
2015-03-03,1239916.0,0.0,,1,3,12,50.43,1791.0,Work
2015-03-04,1239916.0,0.0,,2,4,11,51.53,1918.0,Work
2015-03-05,1239916.0,0.0,,3,5,10,50.76,1734.0,Work
2015-03-06,1239916.0,0.0,,4,6,9,49.61,1865.0,Work
2015-03-07,1239916.0,0.0,,5,7,8,49.723333333333336,1468.0,Weekend
2015-03-08,1239916.0,0.0,,6,8,7,49.83666666666667,506.0,Weekend
2015-03-09,1239916.0,0.0,,0,9,6,49.95,1883.0,Work
2015-03-10,1239916.0,0.0,,1,10,5,48.42,1829.0,Work
2015-03-11,1239916.0,0.0,,2,11,4,48.06,1893.0,Work
2015-03-12,1239916.0,0.0,,3,12,3,47.12,1758.0,Work
2015-03-13,1239916.0,0.0,,4,13,2,44.88,1869.0,Work
2015-03-14,1239916.0,0.0,,5,14,1,44.56333333333333,1377.0,Weekend
2015-03-15,1239916.0,0.0,,6,0,0,44.24666666666667,502.0,Weekend
2015-03-16,1239916.0,0.0,,0,1,15,43.93,1833.0,Work
2015-03-17,1239916.0,0.0,,1,2,14,43.39,1713.0,Work
2015-03-18,1239916.0,0.0,,2,3,13,44.63,1780.0,Work
2015-03-19,1239916.0,0.0,,3,4,12,44.02,1700.0,Work
2015-03-20,1239916.0,0.0,,4,5,11,46.0,1821.0,Work
2015-03-21,1239916.0,0.0,,5,6,10,46.46666666666667,1361.0,Weekend
2015-03-22,1239916.0,0.0,,6,7,9,46.93333333333334,534.0,Weekend
2015-03-23,1239916.0,0.0,,0,8,8,47.4,1805.0,Work
2015-03-24,1239916.0,0.0,,1,9,7,47.03,1726.0,Work
2015-03-25,1239916.0,0.0,,2,10,6,48.75,1890.0,Work
2015-03-26,1239916.0,0.0,,3,11,5,51.41,1607.0,Work
2015-03-27,1239916.0,0.0,,4,12,4,48.83,1895.0,Work
2015-03-28,1239916.0,0.0,,5,13,3,48.77333333333333,1279.0,Weekend
2015-03-29,1239916.0,0.0,,6,14,2,48.71666666666667,458.0,Weekend
2015-03-30,1239916.0,0.0,,0,15,1,48.66,1753.0,Work
2015-03-31,1239916.0,0.0,,1,0,0,47.72,1901.0,Work
2015-04-01,1239916.0,0.0,,2,1,14,50.12,1988.0,Work
2015-04-02,1239916.0,0.0,,3,2,13,49.13,1816.0,Work
2015-04-03,1239916.0,0.0,,4,3,12,49.8675,492.0,Holiday
2015-04-04,1239916.0,0.0,,5,4,11,50.605,1151.0,Weekend
2015-04-05,1239916.0,0.0,,6,5,10,51.3425,461.0,Weekend
2015-04-06,1239916.0,0.0,,0,6,9,52.08,1815.0,Work
2015-04-07,1239916.0,0.0,,1,7,8,53.95,1862.0,Work
2015-04-08,1239916.0,0.0,,2,8,7,50.44,1839.0,Work
2015-04-09,1239916.0,0.0,,3,9,6,50.79,1766.0,Work
2015-04-10,1239916.0,0.0,,4,10,5,51.63,1897.0,Work
2015-04-11,1239916.0,0.0,,5,11,4,51.73666666666667,1386.0,Weekend
2015-04-12,1239916.0,0.0,,6,12,3,51.84333333333333,493.0,Weekend
2015-04-13,1239916.0,0.0,,0,13,2,51.95,1846.0,Work
2015-04-14,1239916.0,0.0,,1,14,1,53.3,1680.0,Work
2015-04-15,1239916.0,0.0,,2,0,0,56.25,1862.0,Work
2015-04-16,1239916.0,0.0,,3,1,14,56.69,1785.0,Work
2015-04-17,1239916.0,0.0,,4,2,13,55.71,1727.0,Work
2015-04-18,1239916.0,0.0,,5,3,12,55.93,1414.0,Weekend
2015-04-19,1239916.0,0.0,,6,4,11,56.15,524.0,Weekend
2015-04-20,1239916.0,0.0,,0,5,10,56.37,1887.0,Work
2015-04-21,1239916.0,0.0,,1,6,9,55.58,1780.0,Work
2015-04-22,1239916.0,0.0,,2,7,8,56.17,1894.0,Work
2015-04-23,1239916.0,0.0,,3,8,7,56.59,1798.0,Work
2015-04-24,1239916.0,0.0,,4,9,6,55.98,1904.0,Work
2015-04-25,1239916.0,0.0,,5,10,5,55.84,1344.0,Weekend
2015-04-26,1239916.0,0.0,,6,11,4,55.7,513.0,Weekend
2015-04-27,1239916.0,0.0,,0,12,3,55.56,1822.0,Work
2015-04-28,1239916.0,0.0,,1,13,2,57.05,1759.0,Work
2015-04-29,1239916.0,0.0,,2,14,1,58.55,1845.0,Work
2015-04-30,1239916.0,0.0,,3,0,0,59.62,1789.0,Work
2015-05-01,1239916.0,0.0,,4,1,14,59.1,476.0,Holiday
2015-05-02,1239916.0,0.0,,5,2,13,59.04,1221.0,Weekend
2015-05-03,1239916.0,0.0,,6,3,12,58.98,477.0,Weekend
2015-05-04,1239916.0,0.0,,0,4,11,58.92,1810.0,Work
2015-05-05,1239916.0,0.0,,1,5,10,60.38,1819.0,Work
2015-05-06,1239916.0,0.0,,2,6,9,60.93,1973.0,Work
2015-05-07,1239916.0,0.0,,3,7,8,58.99,1837.0,Work
2015-05-08,1239916.0,0.0,,4,8,7,59.41,2087.0,Work
2015-05-09,1239916.0,0.0,,5,9,6,59.35,1532.0,Holiday
2015-05-10,1239916.0,0.0,,6,10,5,59.28999999999999,597.0,Holiday
2015-05-11,1239916.0,0.0,,0,11,4,59.23,1917.0,Work
2015-05-12,1239916.0,0.0,,1,12,3,60.72,1849.0,Work
2015-05-13,1239916.0,0.0,,2,13,2,60.5,1910.0,Work
2015-05-14,1239916.0,0.0,,3,14,1,59.89,1764.0,Work
2015-05-15,1239916.0,0.0,,4,0,0,59.73,1785.0,Work
2015-05-16,1239916.0,0.0,,5,1,15,59.63333333333333,1285.0,Weekend
2015-05-17,1239916.0,0.0,,6,2,14,59.53666666666666,500.0,Weekend
2015-05-18,1239916.0,0.0,,0,3,13,59.44,1884.0,Work
2015-05-19,1239916.0,0.0,,1,4,12,57.3,1747.0,Work
2015-05-20,1239916.0,0.0,,2,5,11,58.96,1928.0,Work
2015-05-21,1239916.0,0.0,,3,6,10,60.18,1738.0,Work
2015-05-22,1239916.0,0.0,,4,7,9,58.88,1878.0,Work
2015-05-23,1239916.0,0.0,,5,8,8,58.4825,1264.0,Weekend
2015-05-24,1239916.0,0.0,,6,9,7,58.085,524.0,Holiday
2015-05-25,1239916.0,0.0,,0,10,6,57.6875,1853.0,Work
2015-05-26,1239916.0,0.0,,1,11,5,57.29,1778.0,Work
2015-05-27,1239916.0,0.0,,2,12,4,57.51,1897.0,Work
2015-05-28,1239916.0,0.0,,3,13,3,57.69,1737.0,Work
2015-05-29,1239916.0,0.0,,4,14,2,60.25,1932.0,Work
2015-05-30,1239916.0,0.0,,5,15,1,60.24666666666667,1334.0,Weekend
2015-05-31,1239916.0,0.0,,6,0,0,60.24333333333334,505.0,Weekend
2015-06-01,1239916.0,0.0,,0,1,14,60.24,1861.0,Work
2015-06-02,1239916.0,0.0,,1,2,13,61.3,1852.0,Work
2015-06-03,1239916.0,0.0,,2,3,12,59.67,1964.0,Work
2015-06-04,1239916.0,0.0,,3,4,11,58.0,1871.0,Work
2015-06-05,1239916.0,0.0,,4,5,10,59.11,1921.0,Work
2015-06-06,1239916.0,0.0,,5,6,9,58.79,1397.0,Weekend
2015-06-07,1239916.0,0.0,,6,7,8,58.47,475.0,Weekend
2015-06-08,1239916.0,0.0,,0,8,7,58.15,1821.0,Work
2015-06-09,1239916.0,0.0,,1,9,6,60.15,1773.0,Work
2015-06-10,1239916.0,0.0,,2,10,5,61.36,1852.0,Work
2015-06-11,1239916.0,0.0,,3,11,4,60.74,1789.0,Work
2015-06-12,1239916.0,0.0,,4,12,3,59.96,1849.0,Work
2015-06-13,1239916.0,0.0,,5,13,2,59.81666666666667,1282.0,Weekend
2015-06-14,1239916.0,0.0,,6,14,1,59.67333333333333,524.0,Weekend
2015-06-15,1239916.0,0.0,,0,0,0,59.53,1800.0,Work
2015-06-16,1239916.0,0.0,,1,1,14,60.01,1835.0,Work
2015-06-17,1239916.0,0.0,,2,2,13,59.89,1888.0,Work
2015-06-18,1239916.0,0.0,,3,3,12,60.41,1831.0,Work
2015-06-19,1239916.0,0.0,,4,4,11,59.62,1872.0,Work
2015-06-20,1239916.0,0.0,,5,5,10,59.75,1391.0,Weekend
2015-06-21,1239916.0,0.0,,6,6,9,59.88,518.0,Weekend
2015-06-22,1239916.0,0.0,,0,7,8,60.01,1824.0,Work
2015-06-23,1239916.0,0.0,,1,8,7,61.05,1792.0,Work
2015-06-24,1239916.0,0.0,,2,9,6,60.01,1792.0,Work
2015-06-25,1239916.0,0.0,,3,10,5,59.59,1708.0,Work
2015-06-26,1239916.0,0.0,,4,11,4,59.41,1829.0,Work
2015-06-27,1239916.0,0.0,,5,12,3,59.053333333333335,1301.0,Weekend
2015-06-28,1239916.0,0.0,,6,13,2,58.69666666666667,539.0,Weekend
2015-06-29,1239916.0,0.0,,0,14,1,58.34,1838.0,Work
2015-06-30,1239916.0,0.0,,1,0,0,59.48,1881.0,Work
2015-07-01,1239916.0,0.0,,2,1,14,56.94,1947.0,Work
2015-07-02,1239916.0,0.0,,3,2,13,56.93,1846.0,Work
2015-07-03,1239916.0,0.0,,4,3,12,55.8175,2012.0,Work
2015-07-04,1239916.0,0.0,,5,4,11,54.705,1264.0,Weekend
2015-07-05,1239916.0,0.0,,6,5,10,53.5925,514.0,Weekend
2015-07-06,1239916.0,0.0,,0,6,9,52.48,1338.0,Work
2015-07-07,1239916.0,0.0,,1,7,8,52.33,0.0,Work
2015-07-08,1239916.0,1.0,False,2,8,7,51.61,2015.0,Work
2015-07-09,1239916.0,0.0,,3,9,6,52.76,1983.0,Work
2015-07-10,1239916.0,1.0,False,4,10,5,52.74,1980.0,Work
2015-07-11,1239916.0,0.0,,5,11,4,52.556666666666665,1500.0,Weekend
2015-07-12,1239916.0,1.0,False,6,12,3,52.373333333333335,492.0,Weekend
2015-07-13,1239916.0,1.0,False,0,13,2,52.19,1930.0,Work
2015-07-14,1239916.0,0.0,,1,14,1,53.05,1837.0,Work
2015-07-15,1239916.0,1.0,False,2,0,0,51.4,1925.0,Work
2015-07-16,1239916.0,0.0,,3,1,15,50.9,1774.0,Work
2015-07-17,1239916.0,2.0,False,4,2,14,50.88,1830.0,Work
2015-07-18,1239916.0,0.0,,5,3,13,50.623333333333335,1156.0,Weekend
2015-07-19,1239916.0,0.0,,6,4,12,50.36666666666667,436.0,Weekend
2015-07-20,1239916.0,0.0,,0,5,11,50.11,1861.0,Work
2015-07-21,1239916.0,0.0,,1,6,10,50.59,1734.0,Work
2015-07-22,1239916.0,0.0,,2,7,9,49.27,1810.0,Work
2015-07-23,1239916.0,0.0,,3,8,8,48.11,1688.0,Work
2015-07-24,1239916.0,0.0,,4,9,7,47.98,1820.0,Work
2015-07-25,1239916.0,0.0,,5,10,6,47.71,1192.0,Weekend
2015-07-26,1239916.0,0.0,,6,11,5,47.44,498.0,Weekend
2015-07-27,1239916.0,0.0,,0,12,4,47.17,1703.0,Work
2015-07-28,1239916.0,0.0,,1,13,3,47.97,1756.0,Work
2015-07-29,1239916.0,0.0,,2,14,2,48.77,1815.0,Work
2015-07-30,1239916.0,0.0,,3,15,1,48.53,1687.0,Work
2015-07-31,1239916.0,0.0,,4,0,0,47.11,1847.0,Work
2015-08-01,1239916.0,0.0,,5,1,14,46.49,1287.0,Weekend
2015-08-02,1239916.0,0.0,,6,2,13,45.870000000000005,503.0,Weekend
2015-08-03,1239916.0,0.0,,0,3,12,45.25,1882.0,Work
2015-08-04,1239916.0,0.0,,1,4,11,45.75,1857.0,Work
2015-08-05,1239916.0,0.0,,2,5,10,45.13,1857.0,Work
2015-08-06,1239916.0,0.0,,3,6,9,44.69,1785.0,Work
2015-08-07,1239916.0,0.0,,4,7,8,43.87,1869.0,Work
2015-08-08,1239916.0,0.0,,5,8,7,44.22666666666667,1087.0,Weekend
2015-08-09,1239916.0,0.0,,6,9,6,44.58333333333333,376.0,Weekend
2015-08-10,1239916.0,0.0,,0,10,5,44.94,477.0,Holiday
2015-08-11,1239916.0,0.0,,1,11,4,43.11,1802.0,Work
2015-08-12,1239916.0,0.0,,2,12,3,43.22,1827.0,Work
2015-08-13,1239916.0,0.0,,3,13,2,42.27,1499.0,Work
2015-08-14,1239916.0,0.0,,4,14,1,42.45,1882.0,Work
2015-08-15,1239916.0,0.0,,5,0,0,42.27666666666667,1379.0,Weekend
2015-08-16,1239916.0,0.0,,6,1,15,42.10333333333334,456.0,Weekend
2015-08-17,1239916.0,0.0,,0,2,14,41.93,1683.0,Work
2015-08-18,1239916.0,0.0,,1,3,13,42.58,1811.0,Work
2015-08-19,1239916.0,0.0,,2,4,12,40.75,1844.0,Work
2015-08-20,1239916.0,0.0,,3,5,11,41.0,1752.0,Work
2015-08-21,1239916.0,0.0,,4,6,10,40.45,1794.0,Work
2015-08-22,1239916.0,0.0,,5,7,9,39.70666666666667,1209.0,Weekend
2015-08-23,1239916.0,0.0,,6,8,8,38.96333333333334,427.0,Weekend
2015-08-24,1239916.0,0.0,,0,9,7,38.22,1801.0,Work
2015-08-25,1239916.0,0.0,,1,10,6,39.15,1749.0,Work
2015-08-26,1239916.0,0.0,,2,11,5,38.5,1740.0,Work
2015-08-27,1239916.0,0.0,,3,12,4,42.47,1679.0,Work
2015-08-28,1239916.0,0.0,,4,13,3,45.29,1832.0,Work
2015-08-29,1239916.0,0.0,,5,14,2,46.59333333333333,1253.0,Weekend
2015-08-30,1239916.0,0.0,,6,15,1,47.89666666666667,472.0,Weekend
2015-08-31,1239916.0,0.0,,0,0,0,49.2,1785.0,Work
2015-09-01,1239916.0,0.0,,1,1,14,45.38,1769.0,Work
2015-09-02,1239916.0,0.0,,2,2,13,46.3,1892.0,Work
2015-09-03,1239916.0,0.0,,3,3,12,46.75,1744.0,Work
2015-09-04,1239916.0,0.0,,4,4,11,46.02,1771.0,Work
2015-09-05,1239916.0,0.0,,5,5,10,45.995000000000005,1265.0,Weekend
2015-09-06,1239916.0,0.0,,6,6,9,45.97,521.0,Weekend
2015-09-07,1239916.0,0.0,,0,7,8,45.945,1767.0,Work
2015-09-08,1239916.0,0.0,,1,8,7,45.92,1773.0,Work
2015-09-09,1239916.0,0.0,,2,9,6,44.13,1822.0,Work
2015-09-10,1239916.0,0.0,,3,10,5,45.85,1670.0,Work
2015-09-11,1239916.0,0.0,,4,11,4,44.75,1881.0,Work
2015-09-12,1239916.0,0.0,,5,12,3,44.52333333333333,1264.0,Weekend
2015-09-13,1239916.0,0.0,,6,13,2,44.29666666666667,459.0,Weekend
2015-09-14,1239916.0,0.0,,0,14,1,44.07,1762.0,Work
2015-09-15,1239916.0,0.0,,1,0,0,44.58,1631.0,Work
2015-09-16,1239916.0,0.0,,2,1,14,47.12,1789.0,Work
2015-09-17,1239916.0,0.0,,3,2,13,46.93,1672.0,Work
2015-09-18,1239916.0,0.0,,4,3,12,44.71,1823.0,Work
2015-09-19,1239916.0,0.0,,5,4,11,45.36333333333334,1349.0,Weekend
2015-09-20,1239916.0,0.0,,6,5,10,46.016666666666666,494.0,Weekend
2015-09-21,1239916.0,0.0,,0,6,9,46.67,1756.0,Work
2015-09-22,1239916.0,0.0,,1,7,8,46.17,1770.0,Work
2015-09-23,1239916.0,0.0,,2,8,7,44.53,1844.0,Work
2015-09-24,1239916.0,0.0,,3,9,6,44.94,1747.0,Work
2015-09-25,1239916.0,0.0,,4,10,5,45.55,1819.0,Work
2015-09-26,1239916.0,0.0,,5,11,4,45.16666666666666,1297.0,Weekend
2015-09-27,1239916.0,0.0,,6,12,3,44.78333333333333,541.0,Weekend
2015-09-28,1239916.0,0.0,,0,13,2,44.4,1772.0,Work
2015-09-29,1239916.0,0.0,,1,14,1,45.24,1733.0,Work
2015-09-30,1239916.0,0.0,,2,0,0,45.06,1785.0,Work
2015-10-01,1239916.0,0.0,,3,1,14,44.75,1646.0,Work
2015-10-02,1239916.0,0.0,,4,2,13,45.54,1856.0,Work
2015-10-03,1239916.0,0.0,,5,3,12,45.78666666666667,1346.0,Weekend
2015-10-04,1239916.0,0.0,,6,4,11,46.03333333333333,534.0,Weekend
2015-10-05,1239916.0,0.0,,0,5,10,46.28,1697.0,Work
2015-10-06,1239916.0,0.0,,1,6,9,48.53,1749.0,Work
2015-10-07,1239916.0,0.0,,2,7,8,47.86,1815.0,Work
2015-10-08,1239916.0,0.0,,3,8,7,49.46,1732.0,Work
2015-10-09,1239916.0,0.0,,4,9,6,49.67,570.0,Holiday
2015-10-10,1239916.0,0.0,,5,10,5,48.81,1105.0,Weekend
2015-10-11,1239916.0,0.0,,6,11,4,47.95,488.0,Weekend
2015-10-12,1239916.0,0.0,,0,12,3,47.09,1730.0,Work
2015-10-13,1239916.0,0.0,,1,13,2,46.7,1659.0,Work
2015-10-14,1239916.0,0.0,,2,14,1,46.63,1746.0,Work
2015-10-15,1239916.0,0.0,,3,0,0,46.38,1725.0,Work
2015-10-16,1239916.0,0.0,,4,1,15,47.3,1873.0,Work
2015-10-17,1239916.0,0.0,,5,2,14,46.836666666666666,1371.0,Weekend
2015-10-18,1239916.0,0.0,,6,3,13,46.373333333333335,590.0,Weekend
2015-10-19,1239916.0,0.0,,0,4,12,45.91,1798.0,Work
2015-10-20,1239916.0,0.0,,1,5,11,45.84,1728.0,Work
2015-10-21,1239916.0,0.0,,2,6,10,45.22,1853.0,Work
2015-10-22,1239916.0,0.0,,3,7,9,44.9,1654.0,Work
2015-10-23,1239916.0,0.0,,4,8,8,43.91,1805.0,Work
2015-10-24,1239916.0,0.0,,5,9,7,43.67,1270.0,Weekend
2015-10-25,1239916.0,0.0,,6,10,6,43.42999999999999,573.0,Weekend
2015-10-26,1239916.0,0.0,,0,11,5,43.19,1741.0,Work
2015-10-27,1239916.0,0.0,,1,12,4,43.21,1749.0,Work
2015-10-28,1239916.0,0.0,,2,13,3,45.93,1784.0,Work
2015-10-29,1239916.0,0.0,,3,14,2,46.02,1658.0,Work
2015-10-30,1239916.0,0.0,,4,15,1,46.6,1871.0,Work
2015-10-31,1239916.0,0.0,,5,0,0,46.44,1119.0,Weekend
2015-11-01,1239916.0,0.0,,6,1,14,46.28,369.0,Weekend
2015-11-02,1239916.0,0.0,,0,2,13,46.12,423.0,Holiday
2015-11-03,1239916.0,0.0,,1,3,12,47.88,499.0,Holiday
2015-11-04,1239916.0,0.0,,2,4,11,46.32,1846.0,Work
2015-11-05,1239916.0,0.0,,3,5,10,45.27,1720.0,Work
2015-11-06,1239916.0,0.0,,4,6,9,44.32,1765.0,Work
2015-11-07,1239916.0,0.0,,5,7,8,44.17,1281.0,Weekend
2015-11-08,1239916.0,0.0,,6,8,7,44.02,546.0,Weekend
2015-11-09,1239916.0,0.0,,0,9,6,43.87,1744.0,Work
2015-11-10,1239916.0,0.0,,1,10,5,44.23,1780.0,Work
2015-11-11,1239916.0,0.0,,2,11,4,42.95,1872.0,Work
2015-11-12,1239916.0,0.0,,3,12,3,41.74,1829.0,Work
2015-11-13,1239916.0,0.0,,4,13,2,40.69,1789.0,Work
2015-11-14,1239916.0,0.0,,5,14,1,41.02,1343.0,Weekend
2015-11-15,1239916.0,0.0,,6,0,0,41.35,502.0,Weekend
2015-11-16,1239916.0,0.0,,0,1,14,41.68,1787.0,Work
2015-11-17,1239916.0,0.0,,1,2,13,40.73,1727.0,Work
2015-11-18,1239916.0,0.0,,2,3,12,40.75,1825.0,Work
2015-11-19,1239916.0,0.0,,3,4,11,40.55,1810.0,Work
2015-11-20,1239916.0,0.0,,4,5,10,39.39,1817.0,Work
2015-11-21,1239916.0,0.0,,5,6,9,39.35,1321.0,Weekend
2015-11-22,1239916.0,0.0,,6,7,8,39.31,531.0,Weekend
2015-11-23,1239916.0,0.0,,0,8,7,39.27,1858.0,Work
2015-11-24,1239916.0,0.0,,1,9,6,40.89,1789.0,Work
2015-11-25,1239916.0,0.0,,2,10,5,41.22,1805.0,Work
2015-11-26,1239916.0,0.0,,3,11,4,40.895,1746.0,Work
2015-11-27,1239916.0,0.0,,4,12,3,40.57,1862.0,Holiday
2015-11-28,1239916.0,0.0,,5,13,2,40.52333333333333,1258.0,Weekend
2015-11-29,1239916.0,0.0,,6,14,1,40.47666666666667,509.0,Weekend
2015-11-30,1239916.0,0.0,,0,0,0,40.43,1943.0,Holiday
2015-12-01,1239916.0,0.0,,1,1,14,40.58,1905.0,Work
2015-12-02,1239916.0,0.0,,2,2,13,39.93,1994.0,Work
2015-12-03,1239916.0,0.0,,3,3,12,41.08,1925.0,Work
2015-12-04,1239916.0,0.0,,4,4,11,40.0,2083.0,Work
2015-12-05,1239916.0,0.0,,5,5,10,39.21333333333333,1294.0,Holiday
2015-12-06,1239916.0,0.0,,6,6,9,38.42666666666666,532.0,Holiday
2015-12-07,1239916.0,0.0,,0,7,8,37.64,1945.0,Work
2015-12-08,1239916.0,0.0,,1,8,7,37.46,1863.0,Work
2015-12-09,1239916.0,0.0,,2,9,6,37.16,1988.0,Work
2015-12-10,1239916.0,0.0,,3,10,5,36.76,1900.0,Work
2015-12-11,1239916.0,0.0,,4,11,4,35.65,2035.0,Work
2015-12-12,1239916.0,0.0,,5,12,3,35.87,1463.0,Weekend
2015-12-13,1239916.0,0.0,,6,13,2,36.09,557.0,Weekend
2015-12-14,1239916.0,0.0,,0,14,1,36.31,1995.0,Work
2015-12-15,1239916.0,0.0,,1,0,0,37.32,2025.0,Work
2015-12-16,1239916.0,0.0,,2,1,15,35.55,2241.0,Work
2015-12-17,1239916.0,0.0,,3,2,14,34.98,2169.0,Work
2015-12-18,1239916.0,0.0,,4,3,13,34.72,2252.0,Work
2015-12-19,1239916.0,0.0,,5,4,12,34.663333333333334,1625.0,Weekend
2015-12-20,1239916.0,0.0,,6,5,11,34.60666666666667,860.0,Weekend
2015-12-21,1239916.0,0.0,,0,6,10,34.55,2364.0,Holiday
2015-12-22,1239916.0,0.0,,1,7,9,36.12,2612.0,Holiday
2015-12-23,1239916.0,0.0,,2,8,8,36.76,2833.0,Holiday
2015-12-24,1239916.0,0.0,,3,9,7,37.62,2775.0,Holiday
2015-12-25,1239916.0,0.0,,4,10,6,37.305,0.0,Holiday
2015-12-26,1239916.0,0.0,,5,11,5,36.99,1149.0,Holiday
2015-12-27,1239916.0,0.0,,6,12,4,36.675,395.0,Weekend
2015-12-28,1239916.0,0.0,,0,13,3,36.36,1775.0,Work
2015-12-29,1239916.0,1.0,False,1,14,2,37.88,1761.0,Work
2015-12-30,1239916.0,0.0,,2,15,1,36.59,2091.0,Work
2015-12-31,1239916.0,0.0,,3,0,0,37.13,2025.0,Holiday
2016-01-01,1239916.0,0.0,,4,1,14,37.05,0.0,Holiday
2016-01-02,1239916.0,0.0,,5,2,13,36.97,0.0,Weekend
2016-01-03,1239916.0,1.0,False,6,3,12,36.89,0.0,Weekend
2016-01-04,1239916.0,1.0,False,0,4,11,36.81,10.0,Work
2016-01-05,1239916.0,1.0,False,1,5,10,35.97,1840.0,Work
2016-01-06,1239916.0,1.0,False,2,6,9,33.97,1996.0,Work
2016-01-07,1239916.0,3.0,False,3,7,8,33.29,1822.0,Work
2016-01-08,1239916.0,3.0,False,4,8,7,33.2,1823.0,Work
2016-01-09,1239916.0,0.0,,5,9,6,32.60666666666667,1331.0,Weekend
2016-01-10,1239916.0,0.0,,6,10,5,32.013333333333335,507.0,Weekend
2016-01-11,1239916.0,0.0,,0,11,4,31.42,1767.0,Work
2016-01-12,1239916.0,0.0,,1,12,3,30.42,1744.0,Work
2016-01-13,1239916.0,0.0,,2,13,2,30.42,1729.0,Work
2016-01-14,1239916.0,0.0,,3,14,1,31.22,1782.0,Work
2016-01-15,1239916.0,0.0,,4,0,0,29.45,1872.0,Work
2016-01-16,1239916.0,0.0,,5,1,15,29.205,1329.0,Weekend
2016-01-17,1239916.0,0.0,,6,2,14,28.96,513.0,Weekend
2016-01-18,1239916.0,0.0,,0,3,13,28.715,1854.0,Work
2016-01-19,1239916.0,0.0,,1,4,12,28.47,1718.0,Work
2016-01-20,1239916.0,0.0,,2,5,11,26.68,1885.0,Work
2016-01-21,1239916.0,0.0,,3,6,10,29.55,1667.0,Work
2016-01-22,1239916.0,0.0,,4,7,9,32.07,1763.0,Work
2016-01-23,1239916.0,0.0,,5,8,8,31.48333333333333,1322.0,Weekend
2016-01-24,1239916.0,0.0,,6,9,7,30.89666666666667,541.0,Weekend
2016-01-25,1239916.0,0.0,,0,10,6,30.31,1726.0,Work
2016-01-26,1239916.0,0.0,,1,11,5,29.54,1765.0,Work
2016-01-27,1239916.0,0.0,,2,12,4,32.32,1884.0,Work
2016-01-28,1239916.0,0.0,,3,13,3,33.21,1753.0,Work
2016-01-29,1239916.0,0.0,,4,14,2,33.66,1761.0,Work
2016-01-30,1239916.0,0.0,,5,15,1,32.98,1339.0,Weekend
2016-01-31,1239916.0,0.0,,6,0,0,32.3,529.0,Weekend
2016-02-01,1239916.0,0.0,,0,1,14,31.62,1787.0,Work
2016-02-02,1239916.0,0.0,,1,2,13,29.9,1782.0,Work
2016-02-03,1239916.0,0.0,,2,3,12,32.29,1878.0,Work
2016-02-04,1239916.0,0.0,,3,4,11,31.63,1811.0,Work
2016-02-05,1239916.0,0.0,,4,5,10,30.86,1934.0,Work
2016-02-06,1239916.0,0.0,,5,6,9,30.476666666666667,1190.0,Weekend
2016-02-07,1239916.0,0.0,,6,7,8,30.093333333333334,401.0,Weekend
2016-02-08,1239916.0,0.0,,0,8,7,29.71,417.0,Holiday
2016-02-09,1239916.0,0.0,,1,9,6,27.96,502.0,Holiday
2016-02-10,1239916.0,0.0,,2,10,5,27.54,1859.0,Work
2016-02-11,1239916.0,0.0,,3,11,4,26.19,1679.0,Work
2016-02-12,1239916.0,0.0,,4,12,3,29.32,1934.0,Work
2016-02-13,1239916.0,0.0,,5,13,2,29.2525,1561.0,Weekend
2016-02-14,1239916.0,0.0,,6,14,1,29.185,558.0,Weekend
2016-02-15,1239916.0,0.0,,0,0,0,29.1175,1810.0,Work
2016-02-16,1239916.0,0.0,,1,1,13,29.05,1671.0,Work
2016-02-17,1239916.0,0.0,,2,2,12,30.68,1888.0,Work
2016-02-18,1239916.0,0.0,,3,3,11,30.77,1746.0,Work
2016-02-19,1239916.0,0.0,,4,4,10,29.59,1856.0,Work
2016-02-20,1239916.0,0.0,,5,5,9,30.183333333333334,1553.0,Weekend
2016-02-21,1239916.0,0.0,,6,6,8,30.776666666666667,506.0,Weekend
2016-02-22,1239916.0,0.0,,0,7,7,31.37,1758.0,Work
2016-02-23,1239916.0,0.0,,1,8,6,31.84,1768.0,Work
2016-02-24,1239916.0,0.0,,2,9,5,30.35,1833.0,Work
2016-02-25,1239916.0,0.0,,3,10,4,31.4,1689.0,Work
2016-02-26,1239916.0,0.0,,4,11,3,31.65,1774.0,Work
2016-02-27,1239916.0,0.0,,5,12,2,32.013333333333335,1314.0,Weekend
2016-02-28,1239916.0,0.0,,6,13,1,32.376666666666665,463.0,Weekend
2016-02-29,1239916.0,0.0,,0,0,0,32.74,1731.0,Work
2016-03-01,1239916.0,0.0,,1,1,14,34.39,1751.0,Work
2016-03-02,1239916.0,0.0,,2,2,13,34.57,1914.0,Work
2016-03-03,1239916.0,0.0,,3,3,12,34.56,1728.0,Work
2016-03-04,1239916.0,0.0,,4,4,11,35.91,1781.0,Work
2016-03-05,1239916.0,0.0,,5,5,10,36.57333333333333,1349.0,Weekend
2016-03-06,1239916.0,0.0,,6,6,9,37.236666666666665,541.0,Weekend
2016-03-07,1239916.0,0.0,,0,7,8,37.9,1762.0,Work
2016-03-08,1239916.0,0.0,,1,8,7,36.67,1820.0,Work
2016-03-09,1239916.0,0.0,,2,9,6,37.62,1768.0,Work
2016-03-10,1239916.0,0.0,,3,10,5,37.77,1700.0,Work
2016-03-11,1239916.0,0.0,,4,11,4,38.51,1833.0,Work
2016-03-12,1239916.0,0.0,,5,12,3,38.07333333333333,1354.0,Weekend
2016-03-13,1239916.0,0.0,,6,13,2,37.63666666666667,491.0,Weekend
2016-03-14,1239916.0,0.0,,0,14,1,37.2,1761.0,Work
2016-03-15,1239916.0,0.0,,1,0,0,36.32,1642.0,Work
2016-03-16,1239916.0,0.0,,2,1,15,38.43,1851.0,Work
2016-03-17,1239916.0,0.0,,3,2,14,40.17,1660.0,Work
2016-03-18,1239916.0,0.0,,4,3,13,39.47,1861.0,Work
2016-03-19,1239916.0,0.0,,5,4,12,39.61666666666667,1362.0,Weekend
2016-03-20,1239916.0,0.0,,6,5,11,39.763333333333335,498.0,Weekend
2016-03-21,1239916.0,0.0,,0,6,10,39.91,1767.0,Work
2016-03-22,1239916.0,0.0,,1,7,9,41.45,1687.0,Work
2016-03-23,1239916.0,0.0,,2,8,8,38.28,1799.0,Work
2016-03-24,1239916.0,0.0,,3,9,7,38.14,1822.0,Work
2016-03-25,1239916.0,0.0,,4,10,6,38.1025,521.0,Holiday
2016-03-26,1239916.0,0.0,,5,11,5,38.065,1041.0,Weekend
2016-03-27,1239916.0,0.0,,6,12,4,38.0275,475.0,Weekend
2016-03-28,1239916.0,0.0,,0,13,3,37.99,1594.0,Work
2016-03-29,1239916.0,0.0,,1,14,2,36.91,1743.0,Work
2016-03-30,1239916.0,0.0,,2,15,1,36.91,1654.0,Work
2016-03-31,1239916.0,0.0,,3,0,0,36.94,1714.0,Work
2016-04-01,1239916.0,0.0,,4,1,14,35.36,1797.0,Work
2016-04-02,1239916.0,0.0,,5,2,13,35.00666666666667,1295.0,Weekend
2016-04-03,1239916.0,0.0,,6,3,12,34.653333333333336,598.0,Weekend
2016-04-04,1239916.0,0.0,,0,4,11,34.3,1721.0,Work
2016-04-05,1239916.0,0.0,,1,5,10,34.52,1753.0,Work
2016-04-06,1239916.0,0.0,,2,6,9,37.74,1764.0,Work
2016-04-07,1239916.0,0.0,,3,7,8,37.3,1708.0,Work
2016-04-08,1239916.0,0.0,,4,8,7,39.74,1763.0,Work
2016-04-09,1239916.0,0.0,,5,9,6,39.98,1277.0,Weekend
2016-04-10,1239916.0,0.0,,6,10,5,40.22,534.0,Weekend
2016-04-11,1239916.0,0.0,,0,11,4,40.46,1656.0,Work
2016-04-12,1239916.0,0.0,,1,12,3,42.12,1768.0,Work
2016-04-13,1239916.0,0.0,,2,13,2,41.7,1826.0,Work
2016-04-14,1239916.0,0.0,,3,14,1,41.45,1662.0,Work
2016-04-15,1239916.0,0.0,,4,0,0,40.4,1771.0,Work
2016-04-16,1239916.0,0.0,,5,1,14,40.18,1333.0,Holiday
2016-04-17,1239916.0,0.0,,6,2,13,39.96,575.0,Holiday
2016-04-18,1239916.0,0.0,,0,3,12,39.74,2133.0,Holiday
2016-04-19,1239916.0,0.0,,1,4,11,40.88,2079.0,Holiday
2016-04-20,1239916.0,0.0,,2,5,10,42.72,2073.0,Holiday
2016-04-21,1239916.0,0.0,,3,6,9,43.18,1852.0,Holiday
2016-04-22,1239916.0,0.0,,4,7,8,42.76,1916.0,Holiday
2016-04-23,1239916.0,0.0,,5,8,7,42.39666666666667,1357.0,Holiday
2016-04-24,1239916.0,0.0,,6,9,6,42.03333333333333,513.0,Holiday
2016-04-25,1239916.0,0.0,,0,10,5,41.67,1624.0,Holiday
2016-04-26,1239916.0,0.0,,1,11,4,42.52,1727.0,Holiday
2016-04-27,1239916.0,0.0,,2,12,3,45.29,1761.0,Holiday
2016-04-28,1239916.0,0.0,,3,13,2,46.03,1718.0,Holiday
2016-04-29,1239916.0,0.0,,4,14,1,45.98,1903.0,Holiday
2016-04-30,1239916.0,0.0,,5,0,0,45.57,1314.0,Holiday
2016-05-01,1239916.0,0.0,,6,1,14,45.16,550.0,Holiday
2016-05-02,1239916.0,0.0,,0,2,13,44.75,1722.0,Holiday
2016-05-03,1239916.0,0.0,,1,3,12,43.65,1726.0,Holiday
2016-05-04,1239916.0,0.0,,2,4,11,43.77,1876.0,Holiday
2016-05-05,1239916.0,0.0,,3,5,10,44.33,1810.0,Holiday
2016-05-06,1239916.0,0.0,,4,6,9,44.58,2076.0,Holiday
2016-05-07,1239916.0,0.0,,5,7,8,44.20333333333333,1486.0,Holiday
2016-05-08,1239916.0,0.0,,6,8,7,43.82666666666667,586.0,Holiday
2016-05-09,1239916.0,0.0,,0,9,6,43.45,1692.0,Holiday
2016-05-10,1239916.0,0.0,,1,10,5,44.68,1596.0,Holiday
2016-05-11,1239916.0,0.0,,2,11,4,46.21,1828.0,Holiday
2016-05-12,1239916.0,0.0,,3,12,3,46.64,1682.0,Holiday
2016-05-13,1239916.0,0.0,,4,13,2,46.22,1829.0,Holiday
2016-05-14,1239916.0,0.0,,5,14,1,46.72,1289.0,Holiday
2016-05-15,1239916.0,0.0,,6,0,0,47.22,543.0,Holiday
2016-05-16,1239916.0,0.0,,0,1,15,47.72,1794.0,Holiday
2016-05-17,1239916.0,0.0,,1,2,14,48.29,1688.0,Work
2016-05-18,1239916.0,0.0,,2,3,13,48.12,1687.0,Work
2016-05-19,1239916.0,0.0,,3,4,12,48.16,1697.0,Work
2016-05-20,1239916.0,0.0,,4,5,11,47.67,1843.0,Work
2016-05-21,1239916.0,0.0,,5,6,10,47.82,1320.0,Weekend
2016-05-22,1239916.0,0.0,,6,7,9,47.97,516.0,Weekend
2016-05-23,1239916.0,0.0,,0,8,8,48.12,1756.0,Work
2016-05-24,1239916.0,0.0,,1,9,7,48.04,1709.0,Work
2016-05-25,1239916.0,0.0,,2,10,6,49.1,1745.0,Work
2016-05-26,1239916.0,0.0,,3,11,5,49.0,1669.0,Work
2016-05-27,1239916.0,0.0,,4,12,4,49.36,612.0,Holiday
2016-05-28,1239916.0,0.0,,5,13,3,49.295,1091.0,Weekend
2016-05-29,1239916.0,0.0,,6,14,2,49.23,474.0,Weekend
2016-05-30,1239916.0,0.0,,0,15,1,49.165000000000006,1724.0,Work
2016-05-31,1239916.0,0.0,,1,0,0,49.1,1769.0,Work
2016-06-01,1239916.0,0.0,,2,1,14,49.07,1898.0,Work
2016-06-02,1239916.0,0.0,,3,2,13,49.14,1637.0,Work
2016-06-03,1239916.0,0.0,,4,3,12,48.69,1804.0,Work
2016-06-04,1239916.0,0.0,,5,4,11,49.03,1261.0,Weekend
2016-06-05,1239916.0,0.0,,6,5,10,49.370000000000005,489.0,Weekend
2016-06-06,1239916.0,0.0,,0,6,9,49.71,1759.0,Work
2016-06-07,1239916.0,0.0,,1,7,8,50.37,1743.0,Work
2016-06-08,1239916.0,0.0,,2,8,7,51.23,1811.0,Work
2016-06-09,1239916.0,0.0,,3,9,6,50.52,1577.0,Work
2016-06-10,1239916.0,0.0,,4,10,5,49.09,1817.0,Work
2016-06-11,1239916.0,0.0,,5,11,4,49.02333333333333,1237.0,Weekend
2016-06-12,1239916.0,0.0,,6,12,3,48.95666666666666,506.0,Weekend
2016-06-13,1239916.0,0.0,,0,13,2,48.89,1755.0,Work
2016-06-14,1239916.0,0.0,,1,14,1,48.49,1746.0,Work
2016-06-15,1239916.0,0.0,,2,0,0,47.92,1837.0,Work
2016-06-16,1239916.0,0.0,,3,1,14,46.14,1788.0,Work
2016-06-17,1239916.0,0.0,,4,2,13,48.0,1831.0,Work
2016-06-18,1239916.0,0.0,,5,3,12,48.46666666666667,1386.0,Weekend
2016-06-19,1239916.0,0.0,,6,4,11,48.93333333333334,570.0,Weekend
2016-06-20,1239916.0,0.0,,0,5,10,49.4,1787.0,Work
2016-06-21,1239916.0,0.0,,1,6,9,48.95,1623.0,Work
2016-06-22,1239916.0,0.0,,2,7,8,49.16,1846.0,Work
2016-06-23,1239916.0,0.0,,3,8,7,49.34,1609.0,Work
2016-06-24,1239916.0,0.0,,4,9,6,46.7,1705.0,Work
2016-06-25,1239916.0,0.0,,5,10,5,46.4,1241.0,Weekend
2016-06-26,1239916.0,0.0,,6,11,4,46.1,485.0,Weekend
2016-06-27,1239916.0,0.0,,0,12,3,45.8,1775.0,Work
2016-06-28,1239916.0,0.0,,1,13,2,47.93,1699.0,Work
2016-06-29,1239916.0,0.0,,2,14,1,49.85,1765.0,Work
2016-06-30,1239916.0,0.0,,3,0,0,48.27,1622.0,Work
2016-07-01,1239916.0,0.0,,4,1,14,49.02,1876.0,Work
2016-07-02,1239916.0,0.0,,5,2,13,48.447500000000005,1253.0,Weekend
2016-07-03,1239916.0,0.0,,6,3,12,47.875,500.0,Weekend
2016-07-04,1239916.0,0.0,,0,4,11,47.3025,1790.0,Work
2016-07-05,1239916.0,0.0,,1,5,10,46.73,1655.0,Work
2016-07-06,1239916.0,0.0,,2,6,9,47.37,1826.0,Work
2016-07-07,1239916.0,0.0,,3,7,8,45.22,1712.0,Work
2016-07-08,1239916.0,0.0,,4,8,7,45.37,1780.0,Work
2016-07-09,1239916.0,0.0,,5,9,6,45.156666666666666,1276.0,Weekend
2016-07-10,1239916.0,0.0,,6,10,5,44.94333333333333,530.0,Weekend
2016-07-11,1239916.0,0.0,,0,11,4,44.73,1712.0,Work
2016-07-12,1239916.0,0.0,,1,12,3,46.82,1648.0,Work
2016-07-13,1239916.0,0.0,,2,13,2,44.87,1792.0,Work
2016-07-14,1239916.0,0.0,,3,14,1,45.64,1719.0,Work
2016-07-15,1239916.0,0.0,,4,0,0,45.93,1673.0,Work
2016-07-16,1239916.0,0.0,,5,1,15,45.696666666666665,1339.0,Weekend
2016-07-17,1239916.0,0.0,,6,2,14,45.46333333333333,470.0,Weekend
2016-07-18,1239916.0,0.0,,0,3,13,45.23,1766.0,Work
2016-07-19,1239916.0,0.0,,1,4,12,44.64,1749.0,Work
2016-07-20,1239916.0,0.0,,2,5,11,44.96,1816.0,Work
2016-07-21,1239916.0,0.0,,3,6,10,43.96,1654.0,Work
2016-07-22,1239916.0,0.0,,4,7,9,43.41,1798.0,Work
2016-07-23,1239916.0,0.0,,5,8,8,43.07333333333333,1243.0,Weekend
2016-07-24,1239916.0,0.0,,6,9,7,42.736666666666665,501.0,Weekend
2016-07-25,1239916.0,0.0,,0,10,6,42.4,1697.0,Work
2016-07-26,1239916.0,0.0,,1,11,5,42.16,1615.0,Work
2016-07-27,1239916.0,0.0,,2,12,4,41.9,1787.0,Work
2016-07-28,1239916.0,0.0,,3,13,3,41.13,1609.0,Work
2016-07-29,1239916.0,0.0,,4,14,2,41.54,1734.0,Work
2016-07-30,1239916.0,0.0,,5,15,1,41.04333333333333,1280.0,Weekend
2016-07-31,1239916.0,0.0,,6,0,0,40.54666666666667,458.0,Weekend
2016-08-01,1239916.0,0.0,,0,1,14,40.05,1750.0,Work
2016-08-02,1239916.0,0.0,,1,2,13,39.5,1705.0,Work
2016-08-03,1239916.0,0.0,,2,3,12,40.8,1843.0,Work
2016-08-04,1239916.0,0.0,,3,4,11,41.92,1707.0,Work
2016-08-05,1239916.0,0.0,,4,5,10,41.83,1814.0,Work
2016-08-06,1239916.0,0.0,,5,6,9,42.24,1246.0,Weekend
2016-08-07,1239916.0,0.0,,6,7,8,42.650000000000006,474.0,Weekend
2016-08-08,1239916.0,0.0,,0,8,7,43.06,1749.0,Work
2016-08-09,1239916.0,0.0,,1,9,6,42.78,1662.0,Work
2016-08-10,1239916.0,0.0,,2,10,5,41.75,1843.0,Work
2016-08-11,1239916.0,0.0,,3,11,4,43.51,1697.0,Work
2016-08-12,1239916.0,0.0,,4,12,3,44.47,515.0,Holiday
2016-08-13,1239916.0,0.0,,5,13,2,44.88666666666666,1001.0,Weekend
2016-08-14,1239916.0,0.0,,6,14,1,45.30333333333333,423.0,Weekend
2016-08-15,1239916.0,0.0,,0,0,0,45.72,1776.0,Work
2016-08-16,1239916.0,0.0,,1,1,15,46.57,1648.0,Work
2016-08-17,1239916.0,0.0,,2,2,14,46.81,1807.0,Work
2016-08-18,1239916.0,0.0,,3,3,13,48.2,1580.0,Work
2016-08-19,1239916.0,0.0,,4,4,12,48.48,1654.0,Work
2016-08-20,1239916.0,0.0,,5,5,11,47.92,1191.0,Weekend
2016-08-21,1239916.0,0.0,,6,6,10,47.36,484.0,Weekend
2016-08-22,1239916.0,0.0,,0,7,9,46.8,1682.0,Work
2016-08-23,1239916.0,0.0,,1,8,8,47.54,1736.0,Work
2016-08-24,1239916.0,0.0,,2,9,7,46.29,1831.0,Work
2016-08-25,1239916.0,0.0,,3,10,6,46.97,1600.0,Work
2016-08-26,1239916.0,0.0,,4,11,5,47.64,1730.0,Work
2016-08-27,1239916.0,0.0,,5,12,4,47.41666666666666,1137.0,Weekend
2016-08-28,1239916.0,0.0,,6,13,3,47.19333333333333,504.0,Weekend
2016-08-29,1239916.0,0.0,,0,14,2,46.97,1631.0,Work
2016-08-30,1239916.0,0.0,,1,15,1,46.32,1660.0,Work
2016-08-31,1239916.0,0.0,,2,0,0,44.68,1835.0,Work
2016-09-01,1239916.0,0.0,,3,1,14,43.17,1783.0,Work
2016-09-02,1239916.0,0.0,,4,2,13,44.39,1869.0,Work
2016-09-03,1239916.0,0.0,,5,3,12,44.505,1292.0,Weekend
2016-09-04,1239916.0,0.0,,6,4,11,44.620000000000005,492.0,Weekend
2016-09-05,1239916.0,0.0,,0,5,10,44.735,1697.0,Work
2016-09-06,1239916.0,0.0,,1,6,9,44.85,1767.0,Work
2016-09-07,1239916.0,0.0,,2,7,8,45.47,1833.0,Work
2016-09-08,1239916.0,0.0,,3,8,7,47.63,1672.0,Work
2016-09-09,1239916.0,0.0,,4,9,6,45.88,1795.0,Work
2016-09-10,1239916.0,0.0,,5,10,5,46.013333333333335,1274.0,Weekend
2016-09-11,1239916.0,0.0,,6,11,4,46.14666666666667,481.0,Weekend
2016-09-12,1239916.0,0.0,,0,12,3,46.28,1741.0,Work
2016-09-13,1239916.0,0.0,,1,13,2,44.91,1670.0,Work
2016-09-14,1239916.0,0.0,,2,14,1,43.62,1694.0,Work
2016-09-15,1239916.0,0.0,,3,0,0,43.85,1658.0,Work
2016-09-16,1239916.0,0.0,,4,1,14,43.04,1755.0,Work
2016-09-17,1239916.0,0.0,,5,2,13,43.14,1325.0,Weekend
2016-09-18,1239916.0,0.0,,6,3,12,43.24,541.0,Weekend
2016-09-19,1239916.0,0.0,,0,4,11,43.34,1595.0,Work
2016-09-20,1239916.0,0.0,,1,5,10,43.85,1729.0,Work
2016-09-21,1239916.0,0.0,,2,6,9,45.33,1786.0,Work
2016-09-22,1239916.0,0.0,,3,7,8,46.1,1652.0,Work
2016-09-23,1239916.0,0.0,,4,8,7,44.36,1779.0,Work
2016-09-24,1239916.0,0.0,,5,9,6,44.77333333333333,1277.0,Weekend
2016-09-25,1239916.0,0.0,,6,10,5,45.18666666666667,502.0,Weekend
2016-09-26,1239916.0,0.0,,0,11,4,45.6,1725.0,Work
2016-09-27,1239916.0,0.0,,1,12,3,44.65,1566.0,Work
2016-09-28,1239916.0,0.0,,2,13,2,47.07,1724.0,Work
2016-09-29,1239916.0,0.0,,3,14,1,47.72,1548.0,Work
2016-09-30,1239916.0,0.0,,4,0,0,47.72,1677.0,Work
2016-10-01,1239916.0,0.0,,5,1,14,48.08,1341.0,Weekend
2016-10-02,1239916.0,0.0,,6,2,13,48.44,528.0,Weekend
2016-10-03,1239916.0,0.0,,0,3,12,48.8,1794.0,Work
2016-10-04,1239916.0,0.0,,1,4,11,48.67,1713.0,Work
2016-10-05,1239916.0,0.0,,2,5,10,49.75,1758.0,Work
2016-10-06,1239916.0,0.0,,3,6,9,50.44,1719.0,Work
2016-10-07,1239916.0,0.0,,4,7,8,49.76,1743.0,Work
2016-10-08,1239916.0,0.0,,5,8,7,49.76,1294.0,Weekend
2016-10-09,1239916.0,0.0,,6,9,6,49.76,539.0,Holiday
2016-10-10,1239916.0,0.0,,0,10,5,49.76,1700.0,Work
2016-10-11,1239916.0,0.0,,1,11,4,50.72,1654.0,Work
2016-10-12,1239916.0,0.0,,2,12,3,50.14,1792.0,Work
2016-10-13,1239916.0,0.0,,3,13,2,50.47,1667.0,Work
2016-10-14,1239916.0,0.0,,4,14,1,50.35,1809.0,Work
2016-10-15,1239916.0,0.0,,5,0,0,50.223333333333336,1263.0,Weekend
2016-10-16,1239916.0,0.0,,6,1,15,50.09666666666666,583.0,Weekend
2016-10-17,1239916.0,0.0,,0,2,14,49.97,1791.0,Work
2016-10-18,1239916.0,0.0,,1,3,13,50.3,1655.0,Work
2016-10-19,1239916.0,0.0,,2,4,12,51.59,1785.0,Work
2016-10-20,1239916.0,0.0,,3,5,11,50.31,1707.0,Work
2016-10-21,1239916.0,0.0,,4,6,10,50.61,1777.0,Work
2016-10-22,1239916.0,0.0,,5,7,9,50.46666666666667,1323.0,Weekend
2016-10-23,1239916.0,0.0,,6,8,8,50.32333333333334,562.0,Weekend
2016-10-24,1239916.0,0.0,,0,9,7,50.18,1589.0,Work
2016-10-25,1239916.0,0.0,,1,10,6,49.45,1763.0,Work
2016-10-26,1239916.0,0.0,,2,11,5,48.75,1835.0,Work
2016-10-27,1239916.0,0.0,,3,12,4,49.71,1701.0,Work
2016-10-28,1239916.0,0.0,,4,13,3,48.72,1812.0,Work
2016-10-29,1239916.0,0.0,,5,14,2,48.09,1347.0,Weekend
2016-10-30,1239916.0,0.0,,6,15,1,47.46,549.0,Weekend
2016-10-31,1239916.0,0.0,,0,0,0,46.83,1532.0,Work
2016-11-01,1239916.0,0.0,,1,1,14,46.66,1805.0,Work
2016-11-02,1239916.0,0.0,,2,2,13,45.32,505.0,Holiday
2016-11-03,1239916.0,0.0,,3,3,12,44.66,445.0,Holiday
2016-11-04,1239916.0,0.0,,4,4,11,44.07,923.0,Holiday
2016-11-05,1239916.0,0.0,,5,5,10,44.34,915.0,Weekend
2016-11-06,1239916.0,0.0,,6,6,9,44.61,478.0,Weekend
2016-11-07,1239916.0,0.0,,0,7,8,44.88,1755.0,Work
2016-11-08,1239916.0,0.0,,1,8,7,44.96,1810.0,Work
2016-11-09,1239916.0,0.0,,2,9,6,45.2,1918.0,Work
2016-11-10,1239916.0,0.0,,3,10,5,44.62,1712.0,Work
2016-11-11,1239916.0,0.0,,4,11,4,43.39,1670.0,Work
2016-11-12,1239916.0,0.0,,5,12,3,43.35666666666667,1448.0,Weekend
2016-11-13,1239916.0,0.0,,6,13,2,43.32333333333334,574.0,Weekend
2016-11-14,1239916.0,0.0,,0,14,1,43.29,1814.0,Work
2016-11-15,1239916.0,0.0,,1,0,0,45.86,1811.0,Work
2016-11-16,1239916.0,1.0,False,2,1,14,45.56,1901.0,Work
2016-11-17,1239916.0,0.0,,3,2,13,45.37,1732.0,Work
2016-11-18,1239916.0,0.0,,4,3,12,45.69,1805.0,Work
2016-11-19,1239916.0,1.0,False,5,4,11,46.28666666666666,1341.0,Weekend
2016-11-20,1239916.0,0.0,,6,5,10,46.883333333333326,534.0,Weekend
2016-11-21,1239916.0,2.0,False,0,6,9,47.48,1862.0,Work
2016-11-22,1239916.0,0.0,,1,7,8,48.07,1825.0,Work
2016-11-23,1239916.0,1.0,False,2,8,7,46.72,1907.0,Work
2016-11-24,1239916.0,2.0,False,3,9,6,46.72,1728.0,Work
2016-11-25,1239916.0,1.0,False,4,10,5,46.72,1833.0,Holiday
2016-11-26,1239916.0,0.0,,5,11,4,46.36666666666667,1260.0,Weekend
2016-11-27,1239916.0,1.0,False,6,12,3,46.013333333333335,545.0,Weekend
2016-11-28,1239916.0,0.0,,0,13,2,45.66,1810.0,Holiday
2016-11-29,1239916.0,0.0,,1,14,1,45.29,1672.0,Work
2016-11-30,1239916.0,0.0,,2,0,0,49.41,1903.0,Work
2016-12-01,1239916.0,0.0,,3,1,14,51.08,1868.0,Work
2016-12-02,1239916.0,0.0,,4,2,13,51.7,1909.0,Work
2016-12-03,1239916.0,0.0,,5,3,12,51.70666666666667,1215.0,Weekend
2016-12-04,1239916.0,0.0,,6,4,11,51.71333333333334,568.0,Weekend
2016-12-05,1239916.0,0.0,,0,5,10,51.72,1887.0,Holiday
2016-12-06,1239916.0,1.0,False,1,6,9,50.95,523.0,Holiday
2016-12-07,1239916.0,0.0,,2,7,8,49.85,2004.0,Work
2016-12-08,1239916.0,0.0,,3,8,7,50.84,1828.0,Work
2016-12-09,1239916.0,0.0,,4,9,6,51.51,1881.0,Work
2016-12-10,1239916.0,0.0,,5,10,5,51.92,1376.0,Weekend
2016-12-11,1239916.0,0.0,,6,11,4,52.33,572.0,Weekend
2016-12-12,1239916.0,0.0,,0,12,3,52.74,1847.0,Work
2016-12-13,1239916.0,2.0,False,1,13,2,52.99,1836.0,Work
2016-12-14,1239916.0,0.0,,2,14,1,51.01,2076.0,Work
2016-12-15,1239916.0,0.0,,3,0,0,50.9,2039.0,Work
2016-12-16,1239916.0,0.0,,4,1,15,51.93,2103.0,Work
2016-12-17,1239916.0,2.0,False,5,2,14,51.99666666666667,1453.0,Weekend
2016-12-18,1239916.0,0.0,,6,3,13,52.06333333333333,864.0,Weekend
2016-12-19,1239916.0,0.0,,0,4,12,52.13,2144.0,Work
2016-12-20,1239916.0,0.0,,1,5,11,52.22,2221.0,Work
2016-12-21,1239916.0,1.0,False,2,6,10,51.44,2555.0,Holiday
2016-12-22,1239916.0,0.0,,3,7,9,51.98,2760.0,Holiday
2016-12-23,1239916.0,0.0,,4,8,8,52.01,3023.0,Holiday
2016-12-24,1239916.0,1.0,False,5,9,7,52.2125,1993.0,Holiday
2016-12-25,1239916.0,0.0,,6,10,6,52.415,0.0,Holiday
2016-12-26,1239916.0,0.0,,0,11,5,52.6175,488.0,Holiday
2016-12-27,1239916.0,0.0,,1,12,4,52.82,1845.0,Work
2016-12-28,1239916.0,0.0,,2,13,3,54.01,1834.0,Work
2016-12-29,1239916.0,1.0,False,3,14,2,53.8,1733.0,Work
2016-12-30,1239916.0,1.0,False,4,15,1,53.75,2119.0,Work
2016-12-31,1239916.0,1.0,False,5,0,0,53.4025,1526.0,Holiday
2017-01-01,1239916.0,0.0,,6,1,14,53.055,0.0,Weekend
2017-01-02,1239916.0,0.0,,0,2,13,52.7075,516.0,Holiday
2017-01-03,1239916.0,1.0,False,1,3,12,52.36,1946.0,Work
2017-01-04,1239916.0,0.0,,2,4,11,53.26,1905.0,Work
2017-01-05,1239916.0,0.0,,3,5,10,53.77,1807.0,Work
2017-01-06,1239916.0,0.0,,4,6,9,53.98,1856.0,Work
2017-01-07,1239916.0,0.0,,5,7,8,53.303333333333335,1303.0,Weekend
2017-01-08,1239916.0,0.0,,6,8,7,52.626666666666665,558.0,Weekend
2017-01-09,1239916.0,0.0,,0,9,6,51.95,1798.0,Work
2017-01-10,1239916.0,0.0,,1,10,5,50.82,1732.0,Work
2017-01-11,1239916.0,0.0,,2,11,4,52.19,1868.0,Work
2017-01-12,1239916.0,0.0,,3,12,3,53.01,1688.0,Work
2017-01-13,1239916.0,0.0,,4,13,2,52.36,1831.0,Work
2017-01-14,1239916.0,0.0,,5,14,1,52.3825,1307.0,Weekend
2017-01-15,1239916.0,0.0,,6,0,0,52.405,537.0,Weekend
2017-01-16,1239916.0,0.0,,0,1,15,52.4275,1848.0,Work
2017-01-17,1239916.0,0.0,,1,2,14,52.45,1753.0,Work
2017-01-18,1239916.0,0.0,,2,3,13,51.12,1871.0,Work
2017-01-19,1239916.0,0.0,,3,4,12,51.39,1623.0,Work
2017-01-20,1239916.0,0.0,,4,5,11,52.33,1546.0,Work
2017-01-21,1239916.0,0.0,,5,6,10,52.47666666666667,1419.0,Weekend
2017-01-22,1239916.0,0.0,,6,7,9,52.623333333333335,534.0,Weekend
2017-01-23,1239916.0,0.0,,0,8,8,52.77,1836.0,Work
2017-01-24,1239916.0,0.0,,1,9,7,52.38,1763.0,Work
2017-01-25,1239916.0,0.0,,2,10,6,52.14,1867.0,Work
2017-01-26,1239916.0,0.0,,3,11,5,53.24,1630.0,Work
2017-01-27,1239916.0,1.0,True,4,12,4,53.18,1871.0,Work
2017-01-28,1239916.0,0.0,,5,13,3,52.99666666666667,1328.0,Weekend
2017-01-29,1239916.0,0.0,,6,14,2,52.81333333333333,496.0,Weekend
2017-01-30,1239916.0,1.0,True,0,15,1,52.63,1686.0,Work
2017-01-31,1239916.0,0.0,,1,0,0,52.75,1718.0,Work
2017-02-01,1239916.0,0.0,,2,1,14,53.9,1900.0,Work
2017-02-02,1239916.0,1.0,True,3,2,13,53.55,1753.0,Work
2017-02-03,1239916.0,0.0,,4,3,12,53.81,1869.0,Work
2017-02-04,1239916.0,0.0,,5,4,11,53.54333333333334,1406.0,Weekend
2017-02-05,1239916.0,0.0,,6,5,10,53.27666666666667,557.0,Weekend
2017-02-06,1239916.0,0.0,,0,6,9,53.01,1773.0,Work
2017-02-07,1239916.0,0.0,,1,7,8,52.19,1887.0,Work
2017-02-08,1239916.0,1.0,True,2,8,7,52.37,1912.0,Work
2017-02-09,1239916.0,2.0,True,3,9,6,52.99,1750.0,Work
2017-02-10,1239916.0,0.0,,4,10,5,53.84,1858.0,Work
2017-02-11,1239916.0,0.0,,5,11,4,53.54666666666667,1372.0,Weekend
2017-02-12,1239916.0,0.0,,6,12,3,53.25333333333333,531.0,Weekend
2017-02-13,1239916.0,2.0,True,0,13,2,52.96,1933.0,Work
2017-02-14,1239916.0,1.0,True,1,14,1,53.21,2051.0,Work
2017-02-15,1239916.0,0.0,,2,0,0,53.11,1780.0,Work
2017-02-16,1239916.0,0.0,,3,1,12,53.41,1709.0,Work
2017-02-17,1239916.0,1.0,False,4,2,11,53.41,1719.0,Work
2017-02-18,1239916.0,0.0,,5,3,10,53.5625,1378.0,Weekend
2017-02-19,1239916.0,0.0,,6,4,9,53.715,458.0,Weekend
2017-02-20,1239916.0,1.0,False,0,5,8,53.86750000000001,1645.0,Work
2017-02-21,1239916.0,1.0,False,1,6,7,54.02,1762.0,Work
2017-02-22,1239916.0,0.0,,2,7,6,53.61,1769.0,Work
2017-02-23,1239916.0,0.0,,3,8,5,54.48,1733.0,Work
2017-02-24,1239916.0,0.0,,4,9,4,53.99,1918.0,Work
2017-02-25,1239916.0,0.0,,5,10,3,54.00666666666667,1146.0,Weekend
2017-02-26,1239916.0,0.0,,6,11,2,54.02333333333333,379.0,Weekend
2017-02-27,1239916.0,1.0,False,0,12,1,54.04,383.0,Holiday
2017-02-28,1239916.0,0.0,,1,0,0,54.0,537.0,Holiday
2017-03-01,1239916.0,2.0,True,2,1,14,53.82,1873.0,Work
2017-03-02,1239916.0,1.0,True,3,2,13,52.63,1792.0,Work
2017-03-03,1239916.0,0.0,,4,3,12,53.33,1886.0,Work
2017-03-04,1239916.0,0.0,,5,4,11,53.28333333333333,1336.0,Weekend
2017-03-05,1239916.0,2.0,True,6,5,10,53.236666666666665,532.0,Weekend
2017-03-06,1239916.0,1.0,True,0,6,9,53.19,1728.0,Work
2017-03-07,1239916.0,0.0,,1,7,8,52.68,1802.0,Work
2017-03-08,1239916.0,1.0,True,2,8,7,49.83,1914.0,Work
2017-03-09,1239916.0,0.0,,3,9,6,48.75,1616.0,Work
2017-03-10,1239916.0,0.0,,4,10,5,48.05,1771.0,Work
2017-03-11,1239916.0,0.0,,5,11,4,48.016666666666666,1314.0,Weekend
2017-03-12,1239916.0,0.0,,6,12,3,47.98333333333333,536.0,Weekend
2017-03-13,1239916.0,0.0,,0,13,2,47.95,1744.0,Work
2017-03-14,1239916.0,0.0,,1,14,1,47.24,1762.0,Work
2017-03-15,1239916.0,0.0,,2,0,0,48.34,1879.0,Work
2017-03-16,1239916.0,0.0,,3,1,15,48.3,1678.0,Work
2017-03-17,1239916.0,0.0,,4,2,14,48.34,1965.0,Work
2017-03-18,1239916.0,0.0,,5,3,13,48.156666666666666,1306.0,Weekend
2017-03-19,1239916.0,0.0,,6,4,12,47.97333333333333,581.0,Weekend
2017-03-20,1239916.0,0.0,,0,5,11,47.79,1791.0,Work
2017-03-21,1239916.0,0.0,,1,6,10,47.02,1719.0,Work
2017-03-22,1239916.0,0.0,,2,7,9,47.29,1739.0,Work
2017-03-23,1239916.0,0.0,,3,8,8,47.0,1799.0,Work
2017-03-24,1239916.0,0.0,,4,9,7,47.3,1858.0,Work
2017-03-25,1239916.0,0.0,,5,10,6,47.20666666666666,1320.0,Weekend
2017-03-26,1239916.0,0.0,,6,11,5,47.11333333333333,512.0,Weekend
2017-03-27,1239916.0,0.0,,0,12,4,47.02,1765.0,Work
2017-03-28,1239916.0,0.0,,1,13,3,48.36,1755.0,Work
2017-03-29,1239916.0,0.0,,2,14,2,49.47,1852.0,Work
2017-03-30,1239916.0,0.0,,3,15,1,50.3,1698.0,Work
2017-03-31,1239916.0,0.0,,4,0,0,50.54,1707.0,Work
2017-04-01,1239916.0,0.0,,5,1,14,50.443333333333335,1477.0,Weekend
2017-04-02,1239916.0,0.0,,6,2,13,50.34666666666666,557.0,Weekend
2017-04-03,1239916.0,0.0,,0,3,12,50.25,1759.0,Work
2017-04-04,1239916.0,0.0,,1,4,11,50.99,1747.0,Work
2017-04-05,1239916.0,0.0,,2,5,10,51.14,1930.0,Work
2017-04-06,1239916.0,0.0,,3,6,9,51.69,1779.0,Work
2017-04-07,1239916.0,0.0,,4,7,8,52.25,1846.0,Work
2017-04-08,1239916.0,0.0,,5,8,7,52.52,1311.0,Weekend
2017-04-09,1239916.0,0.0,,6,9,6,52.790000000000006,530.0,Weekend
2017-04-10,1239916.0,0.0,,0,10,5,53.06,1596.0,Work
2017-04-11,1239916.0,0.0,,1,11,4,53.38,1753.0,Work
2017-04-12,1239916.0,0.0,,2,12,3,53.12,1867.0,Work
2017-04-13,1239916.0,0.0,,3,13,2,53.19,1905.0,Work
2017-04-14,1239916.0,0.0,,4,14,1,53.0475,494.0,Holiday
2017-04-15,1239916.0,0.0,,5,0,0,52.905,1116.0,Weekend
2017-04-16,1239916.0,0.0,,6,1,14,52.7625,483.0,Weekend
2017-04-17,1239916.0,0.0,,0,2,13,52.62,1750.0,Work
2017-04-18,1239916.0,0.0,,1,3,12,52.46,1652.0,Work
2017-04-19,1239916.0,0.0,,2,4,11,50.49,1802.0,Work
2017-04-20,1239916.0,0.0,,3,5,10,50.26,1579.0,Work
2017-04-21,1239916.0,0.0,,4,6,9,49.64,1958.0,Work
2017-04-22,1239916.0,0.0,,5,7,8,49.39333333333333,1338.0,Weekend
2017-04-23,1239916.0,0.0,,6,8,7,49.14666666666666,518.0,Weekend
2017-04-24,1239916.0,0.0,,0,9,6,48.9,1632.0,Work
2017-04-25,1239916.0,0.0,,1,10,5,49.22,1732.0,Work
2017-04-26,1239916.0,0.0,,2,11,4,49.22,1862.0,Work
2017-04-27,1239916.0,0.0,,3,12,3,48.96,1744.0,Work
2017-04-28,1239916.0,0.0,,4,13,2,49.31,1903.0,Work
2017-04-29,1239916.0,0.0,,5,14,1,49.15,1278.0,Weekend
2017-04-30,1239916.0,0.0,,6,0,0,48.99,498.0,Weekend
2017-05-01,1239916.0,0.0,,0,1,14,48.83,481.0,Holiday
2017-05-02,1239916.0,0.0,,1,2,13,47.65,1757.0,Work
2017-05-03,1239916.0,0.0,,2,3,12,47.79,1803.0,Work
2017-05-04,1239916.0,0.0,,3,4,11,45.55,1729.0,Work
2017-05-05,1239916.0,0.0,,4,5,10,46.23,1752.0,Work
2017-05-06,1239916.0,0.0,,5,6,9,46.306666666666665,1351.0,Weekend
2017-05-07,1239916.0,0.0,,6,7,8,46.38333333333333,523.0,Weekend
2017-05-08,1239916.0,0.0,,0,8,7,46.46,1740.0,Work
2017-05-09,1239916.0,0.0,,1,9,6,45.84,1784.0,Work
2017-05-10,1239916.0,0.0,,2,10,5,47.28,1831.0,Work
2017-05-11,1239916.0,0.0,,3,11,4,47.81,1608.0,Work
2017-05-12,1239916.0,0.0,,4,12,3,47.83,1982.0,Work
2017-05-13,1239916.0,0.0,,5,13,2,48.17333333333333,1487.0,Holiday
2017-05-14,1239916.0,0.0,,6,14,1,48.516666666666666,554.0,Holiday
2017-05-15,1239916.0,0.0,,0,0,0,48.86,1601.0,Work
2017-05-16,1239916.0,0.0,,1,1,15,48.64,1738.0,Work
2017-05-17,1239916.0,0.0,,2,2,14,49.04,1795.0,Work
2017-05-18,1239916.0,0.0,,3,3,13,49.36,1662.0,Work
2017-05-19,1239916.0,0.0,,4,4,12,50.32,1897.0,Work
2017-05-20,1239916.0,0.0,,5,5,11,50.48333333333333,1284.0,Weekend
2017-05-21,1239916.0,0.0,,6,6,10,50.64666666666667,495.0,Weekend
2017-05-22,1239916.0,0.0,,0,7,9,50.81,1758.0,Work
2017-05-23,1239916.0,0.0,,1,8,8,51.12,1701.0,Work
2017-05-24,1239916.0,0.0,,2,9,7,50.99,1844.0,Work
2017-05-25,1239916.0,0.0,,3,10,6,48.57,1663.0,Work
2017-05-26,1239916.0,0.0,,4,11,5,49.58,580.0,Holiday
2017-05-27,1239916.0,0.0,,5,12,4,49.5925,1116.0,Weekend
2017-05-28,1239916.0,0.0,,6,13,3,49.605,512.0,Weekend
2017-05-29,1239916.0,0.0,,0,14,2,49.61750000000001,1750.0,Work
2017-05-30,1239916.0,0.0,,1,15,1,49.63,1770.0,Work
2017-05-31,1239916.0,0.0,,2,0,0,48.29,1878.0,Work
2017-06-01,1239916.0,0.0,,3,1,14,48.32,1815.0,Work
2017-06-02,1239916.0,0.0,,4,2,13,47.68,1925.0,Work
2017-06-03,1239916.0,0.0,,5,3,12,47.586666666666666,1420.0,Weekend
2017-06-04,1239916.0,0.0,,6,4,11,47.49333333333333,525.0,Weekend
2017-06-05,1239916.0,0.0,,0,5,10,47.4,1883.0,Work
2017-06-06,1239916.0,0.0,,1,6,9,48.13,1816.0,Work
2017-06-07,1239916.0,0.0,,2,7,8,45.8,1889.0,Work
2017-06-08,1239916.0,0.0,,3,8,7,45.68,1694.0,Work
2017-06-09,1239916.0,0.0,,4,9,6,45.82,1886.0,Work
2017-06-10,1239916.0,0.0,,5,10,5,45.91333333333333,1362.0,Weekend
2017-06-11,1239916.0,0.0,,6,11,4,46.00666666666667,585.0,Weekend
2017-06-12,1239916.0,0.0,,0,12,3,46.1,1711.0,Work
2017-06-13,1239916.0,0.0,,1,13,2,46.41,1766.0,Work
2017-06-14,1239916.0,0.0,,2,14,1,44.79,1832.0,Work
2017-06-15,1239916.0,0.0,,3,0,0,44.47,1776.0,Work
2017-06-16,1239916.0,0.0,,4,1,14,44.73,1946.0,Work
2017-06-17,1239916.0,0.0,,5,2,13,44.56666666666666,1388.0,Weekend
2017-06-18,1239916.0,0.0,,6,3,12,44.403333333333336,577.0,Weekend
2017-06-19,1239916.0,0.0,,0,4,11,44.24,1747.0,Work
2017-06-20,1239916.0,0.0,,1,5,10,43.34,1778.0,Work
2017-06-21,1239916.0,0.0,,2,6,9,42.48,1841.0,Work
2017-06-22,1239916.0,0.0,,3,7,8,42.53,1739.0,Work
2017-06-23,1239916.0,0.0,,4,8,7,42.86,1843.0,Work
2017-06-24,1239916.0,0.0,,5,9,6,42.986666666666665,1299.0,Weekend
2017-06-25,1239916.0,0.0,,6,10,5,43.11333333333333,517.0,Weekend
2017-06-26,1239916.0,0.0,,0,11,4,43.24,1752.0,Work
2017-06-27,1239916.0,0.0,,1,12,3,44.25,1764.0,Work
2017-06-28,1239916.0,0.0,,2,13,2,44.74,1906.0,Work
2017-06-29,1239916.0,0.0,,3,14,1,44.88,1645.0,Work
2017-06-30,1239916.0,0.0,,4,0,0,46.02,1852.0,Work
2017-07-01,1239916.0,0.0,,5,1,14,45.838,1362.0,Weekend
2017-07-02,1239916.0,0.0,,6,2,13,45.656000000000006,542.0,Weekend
2017-07-03,1239916.0,0.0,,0,3,12,45.474,1890.0,Work
2017-07-04,1239916.0,0.0,,1,4,11,45.292,1803.0,Work
2017-07-05,1239916.0,0.0,,2,5,10,45.11,1913.0,Work
2017-07-06,1239916.0,0.0,,3,6,9,45.52,1698.0,Work
2017-07-07,1239916.0,0.0,,4,7,8,44.25,1843.0,Work
2017-07-08,1239916.0,0.0,,5,8,7,44.3,1366.0,Weekend
2017-07-09,1239916.0,0.0,,6,9,6,44.35,579.0,Weekend
2017-07-10,1239916.0,0.0,,0,10,5,44.4,1814.0,Work
2017-07-11,1239916.0,0.0,,1,11,4,45.06,1760.0,Work
2017-07-12,1239916.0,0.0,,2,12,3,45.48,1970.0,Work
2017-07-13,1239916.0,0.0,,3,13,2,46.06,1679.0,Work
2017-07-14,1239916.0,0.0,,4,14,1,46.53,1867.0,Work
2017-07-15,1239916.0,0.0,,5,0,0,46.36,1338.0,Weekend
2017-07-16,1239916.0,0.0,,6,1,15,46.19,518.0,Weekend
2017-07-17,1239916.0,0.0,,0,2,14,46.02,1739.0,Work
2017-07-18,1239916.0,0.0,,1,3,13,46.4,1733.0,Work
2017-07-19,1239916.0,0.0,,2,4,12,47.1,1797.0,Work
2017-07-20,1239916.0,0.0,,3,5,11,46.73,1774.0,Work
2017-07-21,1239916.0,0.0,,4,6,10,45.78,1878.0,Work
2017-07-22,1239916.0,0.0,,5,7,9,45.92333333333333,1333.0,Weekend
2017-07-23,1239916.0,0.0,,6,8,8,46.06666666666666,547.0,Weekend
2017-07-24,1239916.0,0.0,,0,9,7,46.21,1807.0,Work
2017-07-25,1239916.0,0.0,,1,10,6,47.77,1785.0,Work
2017-07-26,1239916.0,0.0,,2,11,5,48.58,1903.0,Work
2017-07-27,1239916.0,0.0,,3,12,4,49.05,1729.0,Work
2017-07-28,1239916.0,0.0,,4,13,3,49.72,1848.0,Work
2017-07-29,1239916.0,0.0,,5,14,2,49.88333333333333,1251.0,Weekend
2017-07-30,1239916.0,0.0,,6,15,1,50.04666666666667,519.0,Weekend
2017-07-31,1239916.0,0.0,,0,0,0,50.21,1872.0,Work
2017-08-01,1239916.0,0.0,,1,1,14,49.19,1795.0,Work
2017-08-02,1239916.0,0.0,,2,2,13,49.6,1892.0,Work
2017-08-03,1239916.0,0.0,,3,3,12,49.03,1726.0,Work
2017-08-04,1239916.0,0.0,,4,4,11,49.57,1847.0,Work
2017-08-05,1239916.0,0.0,,5,5,10,49.50333333333333,1251.0,Weekend
2017-08-06,1239916.0,0.0,,6,6,9,49.43666666666667,507.0,Weekend
2017-08-07,1239916.0,0.0,,0,7,8,49.37,1665.0,Work
2017-08-08,1239916.0,0.0,,1,8,7,49.07,1766.0,Work
2017-08-09,1239916.0,0.0,,2,9,6,49.59,1766.0,Work
2017-08-10,1239916.0,0.0,,3,10,5,48.54,1764.0,Work
2017-08-11,1239916.0,0.0,,4,11,4,48.81,570.0,Holiday
2017-08-12,1239916.0,0.0,,5,12,3,48.403333333333336,1004.0,Weekend
2017-08-13,1239916.0,0.0,,6,13,2,47.99666666666667,416.0,Weekend
2017-08-14,1239916.0,0.0,,0,14,1,47.59,1733.0,Work
2017-08-15,1239916.0,0.0,,1,0,0,47.57,1693.0,Work
